2013058期;2013-05-21;08;11;17;21;23;24;05;338,075,776元;138,757,060元
2013056期;2013-05-16;03;12;25;26;28;29;16;330,573,576元;138,712,270元
2013054期;2013-05-12;03;04;08;14;21;28;14;367,209,526元;101,137,064元
2013052期;2013-05-07;06;07;14;21;22;24;13;320,719,928元;48,367,032元
2013050期;2013-05-02;03;07;13;18;22;25;03;331,969,178元;116,018,802元
2013048期;2013-04-28;10;13;17;28;30;32;04;379,712,106元;55,171,877元
2013046期;2013-04-23;03;16;19;20;24;26;06;352,094,234元;143,084,851元
2013044期;2013-04-18;03;05;11;18;26;28;06;355,471,956元;113,248,452元
2013042期;2013-04-14;01;08;12;13;15;33;03;396,763,590元;191,650,228元
2013040期;2013-04-09;02;04;10;12;17;30;10;352,650,578元;135,009,567元
2013038期;2013-04-04;09;10;12;14;15;19;11;328,400,842元;140,504,290元
2013036期;2013-03-31;04;05;09;27;29;31;13;393,497,514元;118,017,567元
2013034期;2013-03-26;06;15;20;22;26;33;09;339,315,898元;47,229,360元
2013032期;2013-03-21;04;21;25;29;30;33;03;365,616,360元;185,170,708元
2013030期;2013-03-17;07;14;18;25;26;29;06;405,193,314元;146,756,785元
2013088期;2013-07-30;09;15;20;21;22;24;14;332,225,112元;203,431,818元
2013086期;2013-07-25;02;04;11;13;16;26;11;326,453,274元;147,621,963元
2013084期;2013-07-21;05;07;09;11;20;21;03;373,588,034元;101,313,260元
2013082期;2013-07-16;04;13;14;20;22;30;06;326,611,872元;177,229,420元
2013080期;2013-07-11;10;11;12;23;28;32;16;327,918,824元;126,651,295元
2013078期;2013-07-07;03;05;17;18;26;27;15;355,637,236元;125,198,288元
2013076期;2013-07-02;14;23;24;26;29;30;03;326,689,120元;213,429,920元
2013074期;2013-06-27;03;06;08;14;19;32;03;320,654,782元;76,109,739元
2013072期;2013-06-23;02;08;11;14;19;33;09;351,392,580元;83,394,408元
2013070期;2013-06-18;02;03;09;10;28;30;06;296,577,242元;58,271,360元
2013068期;2013-06-13;02;07;13;20;25;27;06;329,872,238元;135,584,520元
2013066期;2013-06-09;01;03;16;17;20;32;07;368,087,166元;182,192,048元
2013064期;2013-06-04;01;09;13;22;25;32;12;328,102,052元;172,812,165元
2013062期;2013-05-30;01;06;07;19;22;27;02;313,979,568元;83,172,610元
2013060期;2013-05-26;05;07;10;13;19;20;15;368,726,696元;110,329,152元
2015142期;2015-12-03;13;17;19;20;22;25;11;326,956,020元;1,221,938,746元
2015140期;2015-11-29;06;20;28;29;30;31;12;363,959,858元;1,188,582,820元
2015138期;2015-11-24;01;02;08;16;19;24;11;317,036,346元;1,160,191,307元
2015136期;2015-11-19;02;05;12;23;28;29;01;332,169,672元;1,134,489,732元
2015134期;2015-11-15;02;05;14;19;27;31;04;160,000,000元;1,078,946,224元
2015132期;2015-11-10;03;05;11;28;30;33;01;95,000,000元;991,052,692元
2015130期;2015-11-05;06;14;15;16;17;22;10;65,000,000元;957,074,000元
2015128期;2015-11-01;01;03;08;11;22;28;06;353,929,358元;889,484,982元
2015126期;2015-10-27;10;11;15;20;23;29;12;321,292,184元;978,661,552元
2015124期;2015-10-22;02;03;05;12;18;27;01;314,656,346元;987,064,991元
2015122期;2015-10-18;05;07;11;16;22;25;07;340,964,698元;989,011,240元
2015120期;2015-10-13;16;21;24;26;27;29;16;306,978,816元;1,007,024,322元
2015118期;2015-10-08;01;04;11;21;23;31;12;302,094,780元;950,170,804元
2015116期;2015-10-04;04;06;15;23;26;28;11;298,345,670元;923,015,828元
2015114期;2015-09-29;04;07;09;13;21;26;01;297,013,542元;952,803,917元
2017135期;2017-11-16;01;06;07;14;18;26;16;378,825,098元;659,493,336元
2017133期;2017-11-12;06;15;17;18;23;30;11;400,247,724元;662,957,197元
2017131期;2017-11-07;01;07;10;11;26;27;11;367,788,616元;600,864,875元
2017129期;2017-11-02;05;06;09;14;21;33;02;334,351,058元;638,652,615元
2017127期;2017-10-29;14;15;21;24;27;32;12;351,381,232元;647,103,220元
2017125期;2017-10-24;01;14;23;25;29;30;03;324,821,104元;598,302,894元
2017123期;2017-10-19;04;05;06;11;21;31;10;327,467,830元;578,631,376元
2017121期;2017-10-15;11;18;19;22;24;32;07;344,520,506元;597,274,960元
2017119期;2017-10-10;09;16;21;25;26;31;14;311,293,858元;557,828,271元
2017117期;2017-10-05;01;02;08;11;14;21;09;277,103,412元;565,108,899元
2017115期;2017-10-01;04;10;11;25;30;31;01;322,048,056元;557,069,238元
2017113期;2017-09-26;04;06;16;27;29;33;05;316,223,542元;507,647,724元
2017111期;2017-09-21;05;10;17;19;29;32;12;0元;0元
2017109期;2017-09-17;08;14;16;18;21;23;16;349,302,018元;436,050,760元
2017107期;2017-09-12;08;09;15;17;30;32;06;319,335,446元;368,859,616元
2017045期;2017-04-20;05;07;16;20;21;25;05;320,562,564元;664,910,592元
2017043期;2017-04-16;08;13;16;23;27;31;08;348,879,160元;669,647,148元
2017041期;2017-04-11;04;10;13;15;22;27;04;322,450,520元;634,663,869元
2017039期;2017-04-06;02;04;12;14;17;24;15;330,405,710元;730,094,377元
2017037期;2017-04-02;11;15;20;22;25;30;05;346,434,206元;629,265,693元
2017035期;2017-03-28;01;06;14;24;28;32;12;342,022,594元;568,068,720元
2017033期;2017-03-23;05;07;15;20;23;30;15;346,477,046元;610,298,424元
2017031期;2017-03-19;06;10;16;26;27;29;03;377,406,752元;924,910,650元
2017029期;2017-03-14;02;15;21;23;25;30;10;343,011,048元;1,003,660,344元
2017027期;2017-03-09;02;04;11;14;27;30;05;344,767,540元;980,689,536元
2017025期;2017-03-05;02;15;16;17;22;32;07;372,684,176元;1,076,249,141元
2017023期;2017-02-28;01;03;04;11;18;22;14;337,872,226元;1,072,263,213元
2017021期;2017-02-23;02;05;10;22;32;33;09;329,896,520元;984,320,688元
2017019期;2017-02-19;04;06;08;12;23;25;08;362,828,374元;992,823,572元
2017017期;2017-02-14;03;07;08;10;22;23;12;329,086,094元;973,496,920元
2010128期;2010-11-02;04;11;19;20;24;28;12;264,631,266元;30,000,000元
2010126期;2010-10-28;03;13;18;20;27;28;05;272,220,524元;101,922,030元
2010124期;2010-10-24;02;06;08;11;12;25;02;303,307,488元;86,330,028元
2010122期;2010-10-19;02;09;12;16;25;27;06;270,548,316元;135,863,964元
2010120期;2010-10-14;01;02;05;06;10;29;16;260,841,502元;76,099,293元
2010118期;2010-10-10;05;08;11;13;15;25;05;278,863,970元;46,394,658元
2010116期;2010-10-05;05;09;10;20;22;26;07;236,885,436元;43,362,216元
2010114期;2010-09-30;01;08;11;15;17;25;01;249,642,432元;231,087,438元
2010112期;2010-09-26;01;08;18;24;29;30;16;276,435,492元;199,944,920元
2010110期;2010-09-21;01;03;12;24;26;27;01;230,609,584元;99,634,210元
2010108期;2010-09-16;02;04;08;20;23;24;07;240,681,452元;138,341,254元
2010106期;2010-09-12;02;06;08;15;26;29;16;263,785,876元;56,725,410元
2010104期;2010-09-07;07;17;23;24;27;32;02;248,944,388元;86,741,347元
2010102期;2010-09-02;04;11;16;20;22;29;10;243,505,778元;117,855,152元
2010100期;2010-08-29;01;06;12;22;23;26;08;271,091,664元;78,136,487元
2009012期;2009-02-03;05;11;14;17;18;28;01;175,832,284元;265,024,872元
2009010期;2009-01-22;03;10;17;19;20;24;02;189,703,670元;240,301,198元
2009008期;2009-01-18;04;15;16;22;32;33;02;207,103,370元;172,397,120元
2009006期;2009-01-13;06;12;18;20;26;33;02;184,731,320元;172,457,546元
2009004期;2009-01-08;03;11;13;17;28;31;03;196,964,008元;164,435,256元
2009002期;2009-01-04;10;14;17;25;29;33;14;214,099,642元;148,564,860元
2008154期;2008-12-30;02;05;07;21;22;26;08;187,460,204元;105,212,795元
2008152期;2008-12-25;01;04;06;22;26;30;08;185,010,624元;96,725,236元
2008150期;2008-12-21;04;19;22;24;29;32;02;199,701,670元;122,143,128元
2008148期;2008-12-16;03;05;09;22;26;28;09;184,713,626元;118,780,453元
2008146期;2008-12-11;07;08;17;19;31;32;10;186,410,548元;77,942,543元
2008144期;2008-12-07;02;05;10;27;29;33;15;194,035,022元;125,100,184元
2008142期;2008-12-02;05;06;10;13;17;28;15;181,220,636元;110,909,554元
2008140期;2008-11-27;07;14;16;29;30;31;14;182,798,276元;84,161,756元
2008138期;2008-11-23;07;14;19;23;25;32;04;197,283,238元;116,511,474元
2017075期;2017-06-29;01;03;06;19;21;29;07;320,592,160元;711,353,370元
2017073期;2017-06-25;03;06;16;23;26;30;14;347,269,730元;747,555,120元
2017071期;2017-06-20;02;03;06;14;31;32;03;322,489,468元;745,151,312元
2017069期;2017-06-15;02;11;12;23;29;31;05;326,172,358元;683,978,436元
2017067期;2017-06-11;01;03;04;10;18;29;04;356,270,498元;630,964,440元
2017065期;2017-06-06;02;05;08;10;12;21;07;320,800,086元;619,300,374元
2017063期;2017-06-01;12;16;20;22;25;31;04;307,572,084元;624,355,820元
2017061期;2017-05-28;06;07;12;20;26;27;11;327,891,234元;546,535,704元
2017059期;2017-05-23;04;08;09;15;19;25;09;306,145,516元;586,532,102元
2017057期;2017-05-18;18;20;22;23;30;31;16;314,697,362元;698,067,117元
2017055期;2017-05-14;07;12;13;20;24;31;05;342,200,872元;685,895,820元
2017053期;2017-05-09;04;09;11;15;29;31;06;316,559,816元;716,619,576元
2017051期;2017-05-04;02;05;09;15;24;25;11;315,667,040元;682,920,580元
2017049期;2017-04-30;01;08;14;15;20;29;10;326,777,700元;680,077,398元
2017047期;2017-04-25;02;05;08;10;32;33;02;313,845,556元;694,177,440元
2016018期;2016-02-18;12;13;14;17;21;25;04;316,712,952元;725,711,885元
2016016期;2016-02-14;01;20;22;24;25;26;16;316,931,514 元;721,026,255元
2016014期;2016-02-02;02;08;10;18;20;27;07;321,027,466元;667,745,460元
2016012期;2016-01-28;07;12;14;16;27;32;15;336,562,836元;800,780,176元
2016010期;2016-01-24;02;04;12;14;19;25;06;359,088,730元;922,316,332元
2016008期;2016-01-19;02;15;24;29;32;33;02;355,411,856元;893,240,990元
2016006期;2016-01-14;13;16;18;20;28;31;12;357,519,610元;880,487,026元
2016004期;2016-01-10;08;10;17;22;25;33;12;376,467,244元;1,053,582,237元
2016002期;2016-01-05;09;14;17;20;24;30;16;343,096,096元;1,049,581,785元
2015154期;2015-12-31;07;09;11;15;18;25;07;364,605,498元;984,457,630元
2015152期;2015-12-27;11;18;19;21;29;32;12;392,322,240元;1,026,723,516元
2015150期;2015-12-22;01;03;08;11;29;31;13;333,813,118元;1,022,632,570元
2015148期;2015-12-17;09;13;14;22;26;27;07;330,278,892元;1,127,755,566元
2015146期;2015-12-13;16;17;21;28;30;32;15;368,273,034元;1,307,571,540元
2015144期;2015-12-08;01;04;07;15;28;32;16;330,530,758元;1,278,764,676元
2015082期;2015-07-16;02;08;09;14;28;30;07;288,017,344元;523,423,566元
2015080期;2015-07-12;14;17;25;27;28;30;02;314,150,596元;523,386,294元
2015078期;2015-07-07;03;07;20;22;26;29;02;291,936,416元;577,316,625元
2015076期;2015-07-02;01;09;10;19;23;27;09;294,088,268元;493,791,571元
2015074期;2015-06-28;04;07;21;25;26;29;08;320,107,256元;513,223,352元
2015072期;2015-06-23;01;03;05;20;21;31;05;293,363,242元;453,763,345元
2015070期;2015-06-18;01;07;13;19;21;29;15;294,607,168元;497,421,825元
2015068期;2015-06-14;06;15;18;21;26;27;10;326,767,662元;465,249,696元
2015066期;2015-06-09;05;08;11;17;24;28;16;295,073,100元;475,169,355元
2015064期;2015-06-04;11;12;14;17;23;27;01;298,850,352元;437,144,743元
2015062期;2015-05-31;09;14;15;18;21;26;16;323,470,788元;420,456,986元
2015060期;2015-05-26;01;03;18;27;31;32;13;294,398,362元;325,336,905元
2015058期;2015-05-21;02;09;10;18;19;20;15;302,422,308元;255,306,348元
2015056期;2015-05-17;01;07;08;16;18;20;14;333,455,694元;224,467,579元
2015054期;2015-05-12;01;02;07;10;22;26;07;305,342,532元;196,780,010元
2012152期;2012-12-25;10;12;18;22;28;29;07;327,454,924元;30,000,000元
2012150期;2012-12-20;09;11;17;23;24;26;07;325,835,512元;140,248,364元
2012148期;2012-12-16;03;06;11;17;21;31;07;373,006,912元;30,000,000元
2012146期;2012-12-11;01;05;07;13;29;32;13;320,313,400元;80,298,625元
2012144期;2012-12-06;03;10;12;13;27;30;04;326,127,870元;30,000,000元
2012142期;2012-12-02;05;18;22;28;29;31;06;355,971,618元;30,000,000元
2012140期;2012-11-27;14;18;27;30;31;33;15;328,890,054元;147,010,059元
2012138期;2012-11-22;01;07;16;17;19;21;14;322,213,636元;94,959,540元
2012136期;2012-11-18;02;07;08;17;21;28;11;370,704,246元;30,000,000元
2012134期;2012-11-13;02;05;06;07;13;23;15;331,006,688元;118,317,829元
2012132期;2012-11-08;07;12;16;17;21;25;10;332,827,106元;73,103,371元
2012130期;2012-11-04;01;03;15;20;22;31;03;355,629,806元;189,092,919元
2012128期;2012-10-30;05;09;12;29;30;31;05;322,643,800元;82,840,707元
2012126期;2012-10-25;03;05;12;15;23;24;07;336,798,500元;110,723,595元
2012124期;2012-10-21;06;07;21;25;27;33;11;369,201,172元;215,939,945元
2005086期;2005-07-26;07;11;12;24;27;29;12;77,364,602元;81,535,680元
2005084期;2005-07-21;01;02;07;15;19;20;03;78,941,520元;76,757,496元
2005082期;2005-07-17;01;07;11;14;19;20;12;90,397,368元;0元
2005080期;2005-07-12;01;12;14;26;27;32;16;77,732,422元;103,587,874元
2005078期;2005-07-07;03;11;15;20;26;32;11;78,597,462元;104,648,720元
2005076期;2005-07-03;04;09;11;22;25;28;13;89,406,860元;100,832,903元
2005074期;2005-06-28;06;09;18;20;26;29;09;77,117,314元;90,304,588元
2005072期;2005-06-23;06;10;19;20;24;33;11;79,624,618元;96,894,783元
2005070期;2005-06-19;03;04;08;14;16;26;04;93,029,490元;105,174,796元
2005068期;2005-06-14;01;08;10;13;25;33;13;76,931,454元;91,663,380元
2005066期;2005-06-09;02;04;10;11;25;28;05;78,834,656元;100,868,190元
2005064期;2005-06-05;10;18;23;27;30;32;08;91,725,346元;99,870,563元
2005062期;2005-05-31;02;07;11;12;20;23;07;78,069,394元;96,133,228元
2005060期;2005-05-26;09;12;21;25;31;33;13;80,020,874元;101,091,978元
2005058期;2005-05-22;04;06;10;21;25;26;10;93,045,298元;119,093,702元
2005116期;2005-10-04;04;06;08;14;15;30;10;82,761,716元;100,311,500元
2005114期;2005-09-29;06;07;10;15;21;27;06;83,220,546元;99,798,190元
2005112期;2005-09-25;04;12;22;28;29;30;16;96,648,022元;108,286,349元
2005110期;2005-09-20;07;10;16;19;24;25;09;80,799,964元;77,314,136元
2005108期;2005-09-15;03;10;12;24;29;30;06;84,723,006元;60,555,032元
2005106期;2005-09-11;01;11;13;24;26;31;13;99,286,104元;79,600,650元
2005104期;2005-09-06;02;04;21;23;30;33;09;87,523,934元;107,423,543元
2005102期;2005-09-01;02;05;06;14;24;31;12;85,261,292元;135,639,051元
2005100期;2005-08-28;02;04;09;14;16;31;03;98,607,066元;122,812,351元
2005098期;2005-08-23;12;15;19;22;31;33;01;82,354,218元;110,972,222元
2005096期;2005-08-18;04;05;17;18;26;33;04;85,977,004元;126,668,644元
2005094期;2005-08-14;03;05;09;23;27;33;03;92,955,416元;116,888,019元
2005092期;2005-08-09;08;13;19;26;28;31;10;82,564,864元;96,434,568元
2005090期;2005-08-04;01;09;21;25;29;32;03;82,913,536元;114,008,382元
2005088期;2005-07-31;01;03;07;18;20;24;07;90,904,986元;93,975,816元
2008136期;2008-11-18;05;09;10;12;18;28;02;175,281,498元;143,763,910元
2008134期;2008-11-13;10;15;19;20;28;32;02;184,911,938元;94,010,770元
2008132期;2008-11-09;09;13;16;25;27;33;08;196,454,404元;135,183,556元
2008130期;2008-11-04;01;12;18;28;30;32;06;181,993,644元;161,632,234元
2008128期;2008-10-30;01;05;19;20;27;33;05;181,169,198元;141,696,972元
2008126期;2008-10-26;04;11;12;14;20;30;13;198,648,614元;143,629,960元
2008124期;2008-10-21;01;07;10;13;21;22;03;182,202,870元;157,531,410元
2008122期;2008-10-16;02;08;11;14;19;26;15;183,419,190元;142,776,382元
2008120期;2008-10-12;10;11;22;24;26;33;02;177,325,446元;135,033,500元
2008118期;2008-10-07;04;09;16;27;31;33;01;151,771,380元;123,613,595元
2008116期;2008-10-02;03;07;21;22;24;29;14;131,959,380元;117,526,488元
2008114期;2008-09-28;04;09;20;24;25;31;14;164,160,014元;95,409,920元
2008112期;2008-09-23;05;13;14;19;22;23;06;147,917,738元;129,341,859元
2008110期;2008-09-18;10;16;22;23;29;31;02;150,162,970元;73,209,813元
2008108期;2008-09-14;09;10;15;17;23;30;12;161,811,898元;108,779,387元
2005146期;2005-12-13;07;11;19;20;24;28;02;91,683,000元;63,695,577元
2005144期;2005-12-08;01;08;14;15;19;27;09;93,615,492元;64,279,302元
2005142期;2005-12-04;07;10;12;17;22;29;05;107,920,884元;76,423,134元
2005140期;2005-11-29;04;06;07;08;12;17;07;97,816,778元;103,404,410元
2005138期;2005-11-24;03;05;06;11;20;22;13;99,148,234元;116,771,293元
2005136期;2005-11-20;05;14;16;18;25;27;13;110,922,040元;109,954,896元
2005134期;2005-11-15;04;13;14;18;26;30;01;96,024,468元;110,313,635元
2005132期;2005-11-10;02;04;10;18;27;29;15;94,130,152元;103,362,613元
2005130期;2005-11-06;03;05;09;15;20;25;16;107,409,392元;67,536,960元
2005128期;2005-11-01;02;04;14;23;29;33;15;90,364,038元;49,975,632元
2005126期;2005-10-27;02;08;13;19;25;26;09;89,725,146元;34,551,075元
2005124期;2005-10-23;05;06;10;19;31;33;11;100,141,228元;95,778,891元
2005122期;2005-10-18;01;04;07;14;30;32;09;86,580,310元;122,740,488元
2005120期;2005-10-13;01;06;13;18;30;32;14;85,309,164元;119,219,696元
2005118期;2005-10-09;04;09;12;15;26;31;16;100,005,930元;97,330,794元
2015112期;2015-09-24;01;03;10;19;20;27;11;306,859,802元;936,577,124元
2015110期;2015-09-20;05;07;16;17;22;23;04;340,689,020元;921,225,536元
2015108期;2015-09-15;02;12;19;22;24;27;15;309,769,258元;907,674,399元
2015106期;2015-09-10;01;03;04;23;31;32;13;305,793,682元;910,114,980元
2015104期;2015-09-06;09;18;21;23;25;26;01;332,604,432元;920,084,183元
2015102期;2015-09-01;07;09;12;14;21;23;06;300,065,068元;813,396,960元
2015100期;2015-08-27;02;03;11;17;19;21;08;302,573,068元;821,878,422元
2015098期;2015-08-23;06;09;13;26;27;33;01;329,104,206元;792,540,978元
2015096期;2015-08-18;06;16;17;23;24;31;07;294,260,644元;755,803,560元
2015094期;2015-08-13;01;04;06;13;16;17;10;295,713,760元;746,713,280元
2015092期;2015-08-09;09;15;19;21;26;27;01;318,089,362元;735,532,810元
2015090期;2015-08-04;10;12;14;22;25;33;15;282,983,042元;680,071,900元
2015088期;2015-07-30;02;12;20;24;29;31;09;287,667,610元;582,193,066元
2015086期;2015-07-26;05;06;08;16;18;22;12;308,129,834元;566,691,000元
2015084期;2015-07-21;15;18;20;22;28;29;15;281,884,996元;524,697,570元
2016108期;2016-09-15;02;03;07;08;19;26;16;278,530,656元;1,033,314,654元
2016106期;2016-09-11;04;05;13;22;25;30;04;329,967,722元;1,036,874,166元
2016104期;2016-09-06;05;09;11;18;30;31;04;304,391,928元;1,025,995,488元
2016102期;2016-09-01;05;08;10;14;17;30;13;304,528,374元;1,007,804,693元
2016100期;2016-08-28;03;10;22;23;27;29;04;335,027,586元;960,230,040元
2016098期;2016-08-23;02;08;25;29;31;32;06;296,350,008元;908,084,049元
2016096期;2016-08-18;06;13;14;21;22;24;16;296,887,214元;888,068,045元
2016094期;2016-08-14;06;07;10;12;18;31;10;324,311,584元;861,184,896元
2016092期;2016-08-09;02;13;15;23;24;29;06;299,992,386元;908,473,144元
2016090期;2016-08-04;02;13;17;20;21;26;07;294,008,068元;1,033,308,810元
2016088期;2016-07-31;03;14;16;18;25;33;15;320,354,148元;1,149,627,355元
2016086期;2016-07-26;09;10;11;12;15;32;05;286,788,850元;1,098,197,736元
2016084期;2016-07-21;02;04;12;18;24;26;05;288,778,286元;1,068,920,080元
2016082期;2016-07-17;06;12;14;15;17;20;09;323,658,370元;1,048,143,580元
2016080期;2016-07-12;01;16;17;24;25;32;14;288,372,472元;1,042,999,580元
2003087期;2003-12-21;02;03;04;05;24;28;13;66,127,570元;116,878,160元
2003085期;2003-12-14;01;04;11;12;19;27;14;62,490,224元;109,846,806元
2003083期;2003-12-07;01;03;14;18;26;28;01;59,695,084元;108,808,082元
2003081期;2003-11-30;01;02;14;26;29;30;07;62,508,530元;93,553,782元
2003079期;2003-11-23;12;15;22;23;26;31;04;61,225,192元;109,518,597元
2003077期;2003-11-16;04;12;16;22;24;25;06;59,628,070元;112,553,918元
2003075期;2003-11-09;16;17;19;22;31;33;11;52,503,898元;94,144,383元
2003073期;2003-11-02;02;12;14;21;23;30;13;57,551,772元;100,543,175元
2003071期;2003-10-26;09;11;12;14;15;33;11;55,288,802元;105,987,271元
2003069期;2003-10-19;07;11;16;19;26;28;11;45,227,392元;97,803,661元
2003067期;2003-10-12;05;11;12;13;27;31;10;48,192,830元;85,888,068元
2003065期;2003-10-05;06;15;16;17;30;33;11;41,948,818元;86,060,981元
2003063期;2003-09-28;05;08;09;14;21;33;11;45,643,734元;71,301,051元
2003061期;2003-09-21;03;05;20;21;28;32;02;38,065,358元;53,944,234元
2003059期;2003-09-14;02;03;05;06;18;30;04;33,611,668元;39,018,764元
2015022期;2015-02-26;04;07;10;16;23;25;10;428,626,486元;333,076,429元
2015020期;2015-02-15;01;04;07;19;22;23;04;404,738,304元;359,013,634元
2015018期;2015-02-10;06;09;12;14;28;29;09;356,589,678元;343,063,140元
2015016期;2015-02-05;02;06;10;15;17;31;13;370,190,678元;326,819,010元
2015014期;2015-02-01;02;12;16;19;27;30;11;413,004,748元;305,609,400元
2015012期;2015-01-27;03;05;22;23;29;31;06;370,574,586元;649,012,056元
2015010期;2015-01-22;01;02;03;08;21;31;09;408,876,968元;650,777,351元
2015008期;2015-01-18;04;07;10;16;20;22;03;441,162,104元;641,915,910元
2015006期;2015-01-13;01;10;11;29;31;33;13;381,704,996元;613,260,305元
2015004期;2015-01-08;02;14;15;16;23;24;10;391,871,604元;551,117,080元
2015002期;2015-01-04;07;15;16;25;28;32;05;445,131,362元;504,837,957元
2014152期;2014-12-30;08;13;15;20;21;25;12;403,970,126元;504,014,400元
2014150期;2014-12-25;03;08;14;22;24;32;09;393,965,122元;557,171,217元
2014148期;2014-12-21;01;02;05;12;15;16;13;425,097,618元;479,691,558元
2014146期;2014-12-16;01;06;13;20;29;32;01;383,982,986元;428,190,888元
2007049期;2007-05-01;04;14;18;19;31;33;02;109,032,730元;112,092,768元
2007047期;2007-04-26;02;04;16;18;23;30;06;119,916,622元;110,480,448元
2007045期;2007-04-22;01;12;18;21;28;30;10;136,615,924元;125,430,648元
2007043期;2007-04-17;03;08;10;11;14;30;05;122,386,058元;118,014,140元
2007041期;2007-04-12;01;03;09;11;26;31;12;121,205,882元;124,694,666元
2007039期;2007-04-08;06;07;19;24;27;29;01;143,011,060元;98,857,405元
2007037期;2007-04-03;10;11;16;23;31;33;16;116,812,284元;119,971,358元
2007035期;2007-03-29;01;04;08;12;29;31;06;114,653,702元;100,205,090元
2007033期;2007-03-25;03;04;11;17;18;28;09;134,912,082元;58,629,880元
2007031期;2007-03-20;04;06;10;12;19;31;01;117,363,182元;106,701,892元
2007029期;2007-03-15;06;08;09;11;19;21;10;113,666,804元;105,876,498元
2007027期;2007-03-11;02;03;09;22;24;27;11;128,748,636元;104,509,442元
2007025期;2007-03-06;03;16;18;22;23;26;03;104,560,512元;69,428,520元
2007023期;2007-03-01;03;07;13;17;32;33;02;112,284,838元;82,944,858元
2007021期;2007-02-25;03;06;09;11;25;31;13;113,756,430元;96,683,828元
2012032期;2012-03-20;01;02;10;17;22;24;04;364,723,646元;545,746,332元
2012030期;2012-03-15;09;10;17;18;21;31;08;360,021,696元;441,429,534元
2012028期;2012-03-11;10;15;20;21;28;30;11;408,320,996元;430,275,054元
2012026期;2012-03-06;03;07;09;15;24;25;16;364,748,574元;344,741,670元
2012024期;2012-03-01;04;12;19;21;25;28;13;364,173,592元;307,292,592元
2012022期;2012-02-26;04;08;12;24;26;27;04;397,040,802元;385,730,443元
2012020期;2012-02-21;03;08;12;18;23;29;11;363,324,150元;341,661,021元
2012018期;2012-02-16;03;05;06;22;26;32;15;361,743,346元;380,505,912元
2012016期;2012-02-12;02;05;12;17;22;25;08;391,806,944元;423,537,888元
2012014期;2012-02-07;01;02;05;16;28;30;12;332,394,836元;444,719,580元
2012012期;2012-02-02;15;17;18;20;23;27;01;330,682,334元;705,069,412元
2012010期;2012-01-29;01;03;13;19;25;26;10;350,707,306元;722,185,940元
2012008期;2012-01-17;01;12;20;23;24;29;08;349,794,196元;694,925,145元
2012006期;2012-01-12;02;22;25;29;32;33;08;365,269,490元;638,291,299元
2012004期;2012-01-08;01;05;10;11;21;23;16;422,246,096元;669,026,740元
2017015期;2017-02-09;01;08;09;14;17;32;01;314,977,594元;976,589,244元
2017013期;2017-02-05;08;11;28;29;31;33;06;377,878,424元;924,629,020元
2017011期;2017-01-24;10;11;12;23;26;29;16;318,019,266元;914,786,466元
2017009期;2017-01-19;02;06;08;09;15;29;14;318,286,702元;1,043,538,642元
2017007期;2017-01-15;02;04;05;24;26;33;15;358,098,002元;1,049,607,797元
2017005期;2017-01-10;06;11;12;22;23;30;05;328,457,210元;1,018,195,332元
2017003期;2017-01-05;01;04;08;15;27;32;16;328,263,696元;1,089,595,542元
2017001期;2017-01-01;09;11;14;20;25;26;15;376,155,592元;1,007,519,355元
2016152期;2016-12-27;02;08;09;16;20;22;07;338,973,816元;974,772,214元
2016150期;2016-12-22;02;04;05;09;13;21;05;350,741,078元;1,010,476,368元
2016148期;2016-12-18;01;02;11;20;26;30;14;381,634,232元;1,060,899,760元
2016146期;2016-12-13;03;07;15;16;17;23;10;344,859,752元;1,030,668,248元
2016144期;2016-12-08;04;10;12;27;32;33;05;372,346,108元;1,031,610,174元
2016142期;2016-12-04;01;10;17;21;23;30;12;407,120,242元;1,025,247,212元
2016140期;2016-11-29;01;02;05;17;26;32;10;360,447,386元;998,908,480元
2013028期;2013-03-12;07;08;14;25;26;28;13;363,477,764元;144,919,914元
2013026期;2013-03-07;04;11;14;15;22;31;11;357,237,076元;140,421,744元
2013024期;2013-03-03;04;05;13;23;27;30;09;397,860,528元;222,298,732元
2013022期;2013-02-26;02;04;07;09;15;20;07;349,104,140元;238,299,864元
2013020期;2013-02-21;01;07;08;12;16;21;01;337,611,102元;233,771,560元
2013018期;2013-02-17;02;08;13;28;29;30;05;364,752,666元;193,557,090元
2013016期;2013-02-05;02;05;06;12;14;28;05;327,207,104元;165,350,088元
2013014期;2013-01-31;02;04;05;17;19;20;08;348,187,310元;150,729,380元
2013012期;2013-01-27;06;14;17;22;28;29;02;389,114,476元;260,734,911元
2013010期;2013-01-22;01;09;11;17;32;33;12;347,709,230元;224,151,420元
2013008期;2013-01-17;03;08;17;21;25;32;15;341,795,384元;170,217,234元
2013006期;2013-01-13;09;10;13;17;22;30;13;374,366,198元;82,757,304元
2013004期;2013-01-08;06;10;16;20;27;32;08;337,097,616元;35,567,995元
2013002期;2013-01-03;01;16;18;22;28;30;12;303,822,912元;61,810,900元
2012154期;2012-12-30;05;07;12;16;28;32;04;349,475,260元;72,256,070元
2005056期;2005-05-17;12;17;19;27;29;31;09;76,174,508元;114,443,196元
2005054期;2005-05-12;05;13;17;18;21;29;14;81,854,430元;129,088,876元
2005052期;2005-05-08;01;02;14;17;30;32;01;90,275,684元;137,909,685元
2005050期;2005-05-03;02;09;12;20;26;32;13;68,676,002元;132,579,703元
2005048期;2005-04-28;06;07;08;10;16;28;02;80,188,244元;126,273,226元
2005046期;2005-04-24;09;16;18;20;22;24;05;91,639,786元;115,619,699元
2005044期;2005-04-19;01;06;16;17;18;22;09;70,627,418元;83,952,868元
2005042期;2005-04-14;11;16;21;26;27;30;15;79,192,448元;100,786,410元
2005040期;2005-04-10;01;12;21;24;30;32;13;89,311,042元;111,329,404元
2005038期;2005-04-05;04;07;11;20;27;28;16;76,754,210元;103,430,748元
2005036期;2005-03-31;12;19;20;21;26;31;15;76,548,738元;91,022,448元
2005034期;2005-03-27;05;17;18;25;28;32;09;92,625,150元;69,911,648元
2005032期;2005-03-22;05;15;19;20;25;29;03;75,420,852元;90,569,540元
2005030期;2005-03-17;01;05;09;14;22;28;05;78,215,814元;93,374,391元
2005028期;2005-03-13;04;09;22;25;26;32;10;83,942,448元;91,445,748元
2006083期;2006-07-18;07;09;18;19;26;29;10;94,698,606元;73,263,015元
2006081期;2006-07-13;14;16;18;21;22;32;04;94,879,564元;120,292,242元
2006079期;2006-07-09;06;11;13;17;20;32;08;113,367,343元;99,173,775元
2006077期;2006-07-04;08;09;12;13;19;33;09;95,566,810元;98,162,082元
2006075期;2006-06-29;10;21;22;23;25;33;11;98,135,212元;120,547,424元
2006073期;2006-06-25;05;13;16;18;27;29;12;113,616,244元;111,844,608元
2006071期;2006-06-20;05;11;12;19;29;31;01;98,069,610元;115,888,856元
2006069期;2006-06-15;05;16;20;22;29;30;08;103,486,846元;115,666,244元
2006067期;2006-06-11;07;08;11;16;17;24;13;119,304,720元;116,658,336元
2006065期;2006-06-06;04;08;17;28;29;30;13;105,179,330元;101,227,502元
2006063期;2006-06-01;04;05;15;21;23;24;08;101,449,632元;106,641,730元
2006061期;2006-05-28;05;13;17;19;25;30;11;119,567,188元;100,176,429元
2006059期;2006-05-23;05;10;15;17;27;29;11;100,396,304元;81,841,407元
2006057期;2006-05-18;03;04;17;18;21;31;08;99,929,702元;70,227,630元
2006055期;2006-05-14;04;05;28;29;31;33;11;119,895,110元;93,348,960元
2011125期;2011-10-25;03;10;15;24;27;32;08;322,501,850元;312,999,380元
2011123期;2011-10-20;01;04;05;14;19;28;16;329,433,846元;326,523,090元
2011121期;2011-10-16;04;14;22;25;32;33;02;342,602,202元;279,660,224元
2011119期;2011-10-11;09;12;14;19;28;32;01;310,270,074元;274,874,502元
2011117期;2011-10-06;08;10;19;26;28;30;04;284,670,324元;224,765,796元
2011115期;2011-10-02;07;08;09;12;17;33;16;306,169,962元;270,556,202元
2011113期;2011-09-27;06;10;11;25;32;33;05;301,463,604元;231,536,104元
2011111期;2011-09-22;01;03;05;20;25;27;04;301,379,048元;173,682,690元
2011109期;2011-09-18;01;03;09;15;16;33;15;19,837,948元;105,894,980元
2011107期;2011-09-13;04;09;16;17;22;29;15;287,460,888元;30,000,000元
2011105期;2011-09-08;04;06;23;25;27;28;01;292,666,602元;99,084,564元
2011103期;2011-09-04;04;05;10;13;15;16;12;334,043,508元;159,791,712元
2011101期;2011-08-30;06;10;19;23;29;31;06;295,906,364元;195,519,685元
2011099期;2011-08-25;10;12;13;21;26;27;14;287,051,218元;156,506,688元
2011097期;2011-08-21;09;17;19;20;21;26;16;323,418,670元;70,941,649元
2006023期;2006-02-28;04;13;14;19;23;28;08;94,622,606元;0元
2006021期;2006-02-23;01;02;05;20;21;22;09;94,454,936元;89,973,418元
2006019期;2006-02-19;04;06;13;22;26;32;07;105,480,332元;0元
2006017期;2006-02-14;03;04;08;31;32;33;02;89,616,926元;57,626,236元
2006015期;2006-02-09;02;03;09;15;29;32;03;88,355,360元;40,249,445元
2006013期;2006-02-05;01;05;06;12;16;21;11;84,977,250元;49,687,923元
2006011期;2006-01-24;05;07;08;14;27;31;11;89,227,522元;32,470,552元
2006009期;2006-01-19;05;06;08;20;26;30;06;91,943,224元;53,869,004元
2006007期;2006-01-15;04;16;18;27;32;33;07;111,611,858元;77,433,748元
2006005期;2006-01-10;03;19;20;24;26;27;11;95,099,522元;63,085,358元
2006003期;2006-01-05;02;04;05;06;16;20;12;97,626,902元;82,391,486元
2006001期;2006-01-01;01;12;15;19;21;28;03;108,083,372元;101,571,550元
2005152期;2005-12-27;01;05;12;14;21;27;03;94,543,810元;66,041,168元
2005150期;2005-12-22;03;07;10;14;18;20;02;94,339,478元;100,206,958元
2005148期;2005-12-18;03;15;17;23;24;29;13;107,658,676元;78,871,896元
2008046期;2008-04-22;15;16;18;24;28;33;15;154,575,398元;131,877,614元
2008044期;2008-04-17;05;07;09;20;26;29;09;154,045,626元;98,073,492元
2008042期;2008-04-13;03;04;09;11;12;24;01;172,844,294元;102,226,580元
2008040期;2008-04-08;06;13;22;25;27;28;09;147,866,454元;102,671,865元
2008038期;2008-04-03;03;09;10;11;15;19;13;156,472,902元;95,546,028元
2008036期;2008-03-30;02;06;13;18;23;28;16;175,839,426元;116,325,030元
2008034期;2008-03-25;03;05;09;11;21;29;09;159,514,754元;96,408,435元
2008032期;2008-03-20;05;14;16;21;23;28;13;160,439,648元;157,270,392元
2008030期;2008-03-16;06;15;18;19;20;28;11;179,312,028元;140,137,059元
2008028期;2008-03-11;01;13;21;26;29;32;10;160,518,620元;139,571,098元
2008026期;2008-03-06;05;17;19;27;29;32;03;152,462,456元;117,046,228元
2008024期;2008-03-02;11;20;21;26;28;30;13;170,256,022元;119,269,174元
2008022期;2008-02-26;12;18;20;24;28;32;05;144,863,010元;120,907,235元
2008020期;2008-02-21;03;10;13;15;28;30;03;146,348,748元;85,157,728元
2008018期;2008-02-17;02;05;06;23;26;33;13;157,186,176元;115,153,263元
2007019期;2007-02-13;04;11;16;23;29;31;14;115,956,594元;80,869,806元
2007017期;2007-02-08;05;09;10;24;25;32;14;114,012,860元;96,497,853元
2007015期;2007-02-04;03;04;08;18;22;30;15;139,341,652元;120,412,106元
2007013期;2007-01-30;05;15;18;27;29;32;05;115,053,692元;128,007,099元
2007011期;2007-01-25;03;10;15;25;28;33;16;115,841,486元;117,061,179元
2007009期;2007-01-21;02;04;14;15;25;27;15;132,693,662元;104,424,915元
2007007期;2007-01-16;04;12;15;17;22;32;14;111,917,406元;93,623,739元
2007005期;2007-01-11;01;05;06;16;24;30;12;113,427,606元;115,070,485元
2007003期;2007-01-07;05;09;11;12;22;27;15;129,783,464元;118,050,456元
2007001期;2007-01-02;02;04;09;10;20;26;14;107,551,896元;109,312,240元
2006153期;2006-12-28;01;07;11;20;30;33;10;116,654,792元;96,548,648元
2006151期;2006-12-24;01;03;04;06;16;22;08;138,410,226元;100,254,102元
2006149期;2006-12-19;02;03;05;11;15;32;15;115,306,168元;117,578,658元
2006147期;2006-12-14;01;04;15;17;27;31;01;116,514,674元;99,795,009元
2006145期;2006-12-10;02;07;23;26;28;31;07;132,458,778元;111,444,436元
2012002期;2012-01-03;02;03;07;09;10;32;13;369,663,804元;752,033,556元
2011153期;2011-12-29;05;08;09;10;20;25;13;403,874,136元;757,962,272元
2011151期;2011-12-25;07;11;16;19;31;33;10;428,101,842元;749,261,802元
2011149期;2011-12-20;04;05;06;07;23;31;16;365,612,730元;704,484,700元
2011147期;2011-12-15;04;08;12;17;18;30;10;369,715,120元;609,351,248元
2011145期;2011-12-11;02;04;14;15;26;30;04;399,835,362元;624,080,666元
2011143期;2011-12-06;07;08;12;14;15;30;16;359,074,808元;611,986,880元
2011141期;2011-12-01;02;04;06;19;24;29;11;353,185,652元;529,318,827元
2011139期;2011-11-27;08;20;24;27;30;31;03;387,797,344元;515,047,152元
2011137期;2011-11-22;02;11;18;23;30;33;13;340,607,254元;473,896,000元
2011135期;2011-11-17;12;13;17;20;25;26;12;335,103,670元;432,986,892元
2011133期;2011-11-13;12;14;20;21;25;31;16;376,474,284元;425,517,897元
2011131期;2011-11-08;02;07;09;17;21;25;01;329,212,830元;418,231,870元
2011129期;2011-11-03;07;10;11;21;23;26;06;336,342,794元;357,463,184元
2011127期;2011-10-30;16;19;22;23;27;29;11;366,718,126元;365,563,744元
2017105期;2017-09-07;03;06;07;12;25;26;07;314,223,620元;385,864,894元
2017103期;2017-09-03;01;21;23;25;31;33;01;347,478,996元;469,614,348元
2017101期;2017-08-29;01;04;11;28;31;32;16;313,219,868元;498,878,630元
2017099期;2017-08-24;02;05;06;16;28;29;04;310,565,530元;460,398,735元
2017097期;2017-08-20;05;10;18;19;30;31;03;348,913,966元;616,091,250元
2017095期;2017-08-15;09;10;12;19;22;29;16;317,203,922元;632,720,984元
2017093期;2017-08-10;07;08;09;15;22;27;12;308,248,758元;662,712,921元
2017091期;2017-08-06;05;07;10;23;28;29;03;337,138,076元;795,913,308元
2017089期;2017-08-01;11;12;13;16;23;25;12;314,842,050元;750,483,542元
2017087期;2017-07-27;03;06;13;14;19;28;06;316,090,948元;705,056,937元
2017085期;2017-07-23;01;05;06;16;25;30;09;340,676,888元;736,565,578元
2017083期;2017-07-18;03;08;14;20;24;26;12;305,712,986元;741,221,637元
2017081期;2017-07-13;03;05;14;25;26;30;05;311,169,340元;771,574,680元
2017079期;2017-07-09;03;07;14;23;25;27;08;338,568,770元;772,154,315元
2017077期;2017-07-04;01;02;04;15;17;22;14;310,153,396元;752,910,976元
2012122期;2012-10-16;12;13;19;22;28;29;11;325,004,070元;196,627,122元
2012120期;2012-10-11;01;04;20;24;28;29;16;311,866,338元;153,908,152元
2012118期;2012-10-07;05;06;07;12;15;28;11;352,094,796元;302,161,536元
2012116期;2012-10-02;03;21;26;29;31;32;03;270,974,690元;332,066,730元
2012114期;2012-09-27;01;06;11;26;27;29;15;323,638,620元;287,406,651元
2012112期;2012-09-23;08;15;20;21;27;31;06;365,453,898元;273,440,988元
2012110期;2012-09-18;03;07;10;13;22;32;09;327,652,012元;368,850,496元
2012108期;2012-09-13;01;09;12;13;19;28;13;329,301,702元;379,109,848元
2012106期;2012-09-09;13;14;20;22;23;32;16;368,837,242元;415,639,168元
2012104期;2012-09-04;04;05;09;10;19;28;03;326,123,048元;387,091,800元
2012102期;2012-08-30;13;25;27;28;29;30;15;330,626,818元;422,818,756元
2012100期;2012-08-26;05;07;15;18;25;33;10;365,221,470元;358,179,682元
2012098期;2012-08-21;02;12;19;26;29;31;09;328,680,072元;367,918,020元
2012096期;2012-08-16;04;07;11;16;29;33;07;324,279,054元;438,439,386元
2012094期;2012-08-12;06;09;14;16;23;33;15;360,208,214元;455,299,281元
2010098期;2010-08-24;01;03;08;16;29;33;07;235,404,960元;90,075,708元
2010096期;2010-08-19;07;12;21;23;24;28;03;235,984,000元;39,097,968元
2010094期;2010-08-15;03;05;07;27;31;32;10;250,015,372元;28,759,580元
2010092期;2010-08-10;03;13;19;27;28;30;02;235,395,046元;30,000,000元
2010090期;2010-08-05;01;06;10;15;25;31;14;232,731,512元;242,084,181元
2010088期;2010-08-01;05;06;15;23;27;30;12;264,168,238元;231,375,816元
2010086期;2010-07-27;05;21;28;29;30;31;08;243,138,962元;299,513,812元
2010084期;2010-07-22;02;10;14;18;20;30;03;243,838,210元;368,329,515元
2010082期;2010-07-18;01;08;13;14;27;31;02;266,766,152元;342,091,855元
2010080期;2010-07-13;08;10;13;14;16;23;16;241,525,992元;325,852,197元
2010078期;2010-07-08;01;03;09;11;17;23;12;240,635,560元;302,715,558元
2010076期;2010-07-04;01;12;14;29;31;32;15;249,655,268元;306,216,932元
2010074期;2010-06-29;02;10;17;18;19;29;15;236,056,644元;261,116,352元
2010072期;2010-06-24;06;08;22;23;30;31;01;235,231,488元;252,006,552元
2010070期;2010-06-20;08;13;23;27;31;33;07;254,342,696元;201,343,140元
2011065期;2011-06-07;04;16;23;25;27;29;03;276,483,886元;342,158,860元
2011063期;2011-06-02;04;06;13;15;18;19;05;286,784,814元;275,057,552元
2011061期;2011-05-29;02;03;08;13;19;21;03;329,490,066元;304,263,180元
2011059期;2011-05-24;24;26;27;29;31;33;16;297,661,236元;369,294,390元
2011057期;2011-05-19;04;06;20;21;26;33;02;293,874,448元;359,064,498元
2011055期;2011-05-15;08;13;16;17;29;32;16;323,409,932元;301,659,908元
2011053期;2011-05-10;03;06;10;12;22;30;15;282,819,042元;252,527,907元
2011051期;2011-05-05;01;07;11;14;15;16;14;289,337,386元;230,583,935元
2011049期;2011-05-01;01;11;17;18;27;31;14;298,097,446元;192,320,366元
2011047期;2011-04-26;04;13;23;25;27;33;14;278,338,352元;76,536,648元
2011045期;2011-04-21;02;16;17;20;26;32;08;296,409,720元;30,057,041元
2011043期;2011-04-17;04;13;14;17;25;31;04;358,996,258元;64,796,400元
2011041期;2011-04-12;04;10;12;13;30;32;13;308,500,156元;397,699,998元
2011039期;2011-04-07;03;07;10;16;24;29;13;311,094,814元;313,782,252元
2011037期;2011-04-03;01;03;04;06;17;25;11;330,231,608元;283,276,620元
2015052期;2015-05-07;02;04;11;16;25;26;12;312,855,530元;203,256,114元
2015050期;2015-05-03;03;09;12;16;17;31;04;330,490,908元;231,625,820元
2015048期;2015-04-28;13;16;17;22;25;27;10;314,318,648元;222,018,030元
2015046期;2015-04-23;05;07;10;14;23;31;01;324,849,386元;300,076,800元
2015044期;2015-04-19;02;03;04;13;14;16;02;361,973,072元;236,303,584元
2015042期;2015-04-14;09;10;19;21;23;32;08;328,582,874元;445,522,068元
2015040期;2015-04-09;13;16;18;27;30;32;16;320,385,120元;560,707,072元
2015038期;2015-04-05;05;06;11;12;14;33;14;330,881,502元;521,569,463元
2015036期;2015-03-31;04;06;16;17;26;33;03;314,978,372元;385,090,460元
2015034期;2015-03-26;12;13;17;18;20;27;13;319,035,578元;372,366,860元
2015032期;2015-03-22;11;14;16;18;29;32;16;356,881,788元;322,806,048元
2015030期;2015-03-17;08;11;14;15;16;26;07;313,853,770元;308,254,584元
2015028期;2015-03-12;04;07;10;26;27;28;14;318,360,502元;282,421,976元
2015026期;2015-03-08;02;13;17;21;22;33;13;346,132,854元;399,549,056元
2015024期;2015-03-03;09;11;16;18;23;24;10;297,320,432元;361,697,874元
2014084期;2014-07-24;01;06;09;10;13;25;08;348,439,746元;324,879,900元
2014082期;2014-07-20;02;04;20;25;26;29;11;376,072,870元;297,439,788元
2014080期;2014-07-15;05;14;16;17;25;30;07;339,602,048元;251,469,908元
2014078期;2014-07-10;02;03;05;06;09;17;07;340,877,252元;169,313,373元
2014076期;2014-07-06;06;10;12;17;18;33;11;375,634,222元;177,753,477元
2014074期;2014-07-01;01;03;06;13;30;31;12;333,005,878元;211,476,892元
2014072期;2014-06-26;01;03;07;13;19;32;16;324,184,472元;92,535,036元
2014070期;2014-06-22;01;07;09;19;28;29;07;381,932,126元;46,472,150元
2014068期;2014-06-17;04;12;13;22;27;29;16;333,498,724元;162,571,614元
2014066期;2014-06-12;02;05;15;17;18;21;16;326,106,482元;117,743,004元
2014064期;2014-06-08;02;09;15;16;29;32;14;362,553,032元;51,701,734元
2014062期;2014-06-03;06;09;15;24;25;26;09;324,555,900元;30,000,000元
2014060期;2014-05-29;03;05;14;18;25;33;06;332,537,430元;77,191,491元
2014058期;2014-05-25;02;03;12;13;14;25;11;395,239,936元;35,549,494元
2014056期;2014-05-20;01;11;18;20;28;29;01;355,820,816元;189,835,134元
2004028期;2004-04-11;01;02;03;05;10;22;12;91,292,310元;84,965,472元
2004026期;2004-04-04;04;10;14;18;28;32;15;92,237,208元;97,698,720元
2004024期;2004-03-28;01;13;21;23;25;32;06;86,812,198元;116,399,749元
2004022期;2004-03-21;03;10;14;19;20;30;06;75,568,694元;90,981,552元
2004020期;2004-03-14;01;02;09;22;28;31;04;72,242,026元;81,357,402元
2004018期;2004-03-07;02;05;06;08;28;30;06;66,466,596元;58,828,522元
2004016期;2004-02-29;04;07;08;28;30;32;05;64,489,348元;55,950,410元
2004014期;2004-02-22;03;07;11;17;20;26;12;63,952,992元;33,706,890元
2004012期;2004-02-15;01;07;27;30;31;33;08;63,403,910元;40,913,054元
2004010期;2004-02-08;06;07;08;13;14;19;15;63,960,828元;24,953,322元
2004008期;2004-02-01;01;07;10;22;32;33;13;56,569,688元;45,740,516元
2004006期;2004-01-18;04;12;18;20;23;32;06;70,062,020元;52,226,422元
2004004期;2004-01-11;10;19;22;23;25;29;09;68,221,230元;62,732,577元
2004002期;2004-01-04;10;12;18;22;30;31;11;68,295,172元;83,282,112元
2003089期;2003-12-28;18;19;21;26;27;33;16;67,728,980元;89,709,599元
2004058期;2004-07-25;01;08;11;12;27;31;12;78,945,786元;114,083,452元
2004056期;2004-07-18;01;20;21;25;29;30;02;82,258,324元;106,870,504元
2004054期;2004-07-11;09;11;14;16;27;28;11;79,867,882元;118,877,124元
2004052期;2004-07-04;01;12;14;15;17;29;09;78,771,600元;110,782,937元
2004050期;2004-06-27;06;07;19;21;25;29;02;79,279,672元;85,530,529元
2004048期;2004-06-20;08;09;11;16;17;29;09;82,446,706元;52,618,600元
2004046期;2004-06-13;07;15;16;22;23;32;14;84,024,020元;104,590,772元
2004044期;2004-06-06;02;06;07;12;31;32;05;88,925,916元;106,056,639元
2004042期;2004-05-30;06;10;13;17;18;21;02;86,844,222元;128,720,530元
2004040期;2004-05-23;07;17;19;20;21;29;11;88,282,398元;116,302,448元
2004038期;2004-05-16;11;16;17;25;28;29;07;88,138,308元;112,095,419元
2004036期;2004-05-09;02;13;17;18;26;30;01;91,493,038元;111,655,069元
2004034期;2004-05-02;02;07;13;20;27;30;14;87,333,028元;95,591,664元
2004032期;2004-04-25;02;05;08;11;15;31;13;95,382,618元;100,422,948元
2004030期;2004-04-18;01;07;09;17;26;31;05;85,809,328元;109,522,812元
2011035期;2011-03-29;13;14;18;20;27;31;02;311,694,488元;306,634,971元
2011033期;2011-03-24;02;08;12;13;19;29;04;307,522,678元;280,673,240元
2011031期;2011-03-20;16;17;24;28;29;32;12;336,612,714元;323,047,830元
2011029期;2011-03-15;01;04;09;10;20;31;07;298,361,906元;336,778,491元
2011027期;2011-03-10;13;18;21;22;25;26;01;304,417,422元;306,462,410元
2011025期;2011-03-06;08;25;26;31;32;33;09;335,345,846元;310,916,704元
2011023期;2011-03-01;02;03;06;21;22;25;05;280,592,202元;299,312,679元
2011021期;2011-02-24;01;02;14;18;25;31;08;287,463,484元;263,047,410元
2011019期;2011-02-20;02;04;12;19;32;33;16;309,122,016元;269,555,166元
2011017期;2011-02-15;02;06;15;23;26;33;08;258,279,824元;225,345,842元
2011015期;2011-02-10;03;06;13;26;27;29;07;254,777,566元;188,641,296元
2011013期;2011-01-30;01;03;13;16;21;22;08;288,823,754元;215,363,832元
2011011期;2011-01-25;01;12;18;19;21;24;10;255,418,250元;201,782,950元
2011009期;2011-01-20;17;18;23;24;25;26;04;264,626,108元;238,238,346元
2011007期;2011-01-16;01;09;17;24;26;31;05;292,948,810元;192,931,056元
2005026期;2005-03-08;06;12;14;20;25;26;07;72,124,158元;72,360,968元
2005024期;2005-03-03;05;09;14;27;31;32;13;72,808,046元;58,260,000元
2005022期;2005-02-27;08;10;12;21;32;33;04;87,869,528元;73,756,112元
2005020期;2005-02-22;14;16;19;20;25;29;05;71,772,338元;100,848,451元
2005018期;2005-02-17;01;03;06;22;23;25;06;70,853,674元;100,709,900元
2005016期;2005-02-06;01;05;06;12;16;30;15;85,896,264元;86,877,775元
2005014期;2005-02-01;13;19;21;23;30;32;05;70,400,450元;61,051,878元
2005012期;2005-01-27;02;03;06;16;22;31;05;73,524,782元;98,114,924元
2005010期;2005-01-23;08;10;11;18;25;26;01;86,560,850元;91,876,180元
2005008期;2005-01-18;11;19;22;27;32;33;11;72,041,750元;110,005,324元
2005006期;2005-01-13;02;04;05;15;21;31;16;74,203,108元;98,464,204元
2005004期;2005-01-09;01;04;08;09;22;23;03;87,357,176元;94,145,228元
2005002期;2005-01-04;06;09;20;26;28;33;14;69,161,632元;130,856,606元
2004122期;2004-12-30;03;11;14;22;24;31;15;73,723,296元;123,775,848元
2004120期;2004-12-26;07;08;18;21;27;32;10;87,000,158元;125,563,326元
2006053期;2006-05-09;01;11;17;27;28;31;02;100,676,240元;119,397,726元
2006051期;2006-05-04;02;06;07;17;27;30;16;97,800,512元;140,350,449元
2006049期;2006-04-30;06;10;12;13;17;20;03;123,714,924元;140,966,397元
2006047期;2006-04-25;02;17;20;22;28;32;03;109,048,914元;154,170,844元
2006045期;2006-04-20;06;07;10;14;20;21;04;109,852,122元;160,942,652元
2006043期;2006-04-16;05;12;13;16;23;32;03;125,637,310元;143,000,486元
2006041期;2006-04-11;03;10;16;18;21;28;04;105,725,214元;138,392,950元
2006039期;2006-04-06;16;19;22;28;31;32;03;106,258,396元;124,949,353元
2006037期;2006-04-02;02;12;23;24;25;32;14;124,438,394元;124,709,476元
2006035期;2006-03-28;03;09;13;21;27;29;13;107,522,946元;113,614,740元
2006033期;2006-03-23;15;20;22;23;27;31;06;111,163,226元;122,970,002元
2006031期;2006-03-19;03;10;12;16;31;32;14;124,118,424元;128,524,999元
2006029期;2006-03-14;03;04;07;09;14;19;08;101,076,256元;93,284,310元
2006027期;2006-03-09;06;08;11;14;16;27;15;105,074,006元;96,381,836元
2006025期;2006-03-05;03;04;17;19;24;32;05;114,242,160元;104,040,034元
2004118期;2004-12-21;03;04;07;12;30;31;15;73,120,372元;126,497,296元
2004116期;2004-12-16;01;03;05;08;14;33;03;76,958,968元;121,746,200元
2004114期;2004-12-13;01;06;09;17;21;22;01;90,387,406元;107,140,316元
2004112期;2004-12-07;09;13;15;21;26;33;06;73,167,518元;107,032,078元
2004110期;2004-12-02;14;19;20;21;22;31;11;75,845,326元;99,364,513元
2004108期;2004-11-28;08;13;14;27;28;31;12;87,178,712元;78,191,360元
2004106期;2004-11-23;10;15;23;26;28;29;12;73,170,708元;122,108,140元
2004104期;2004-11-18;07;11;17;18;24;29;05;77,680,562元;110,968,746元
2004102期;2004-11-14;03;09;12;15;28;32;01;94,949,994元;201,836,811元
2004100期;2004-11-09;06;08;09;14;24;33;15;68,740,958元;199,112,633元
2004098期;2004-11-04;03;12;13;25;26;31;03;70,521,134元;188,828,501元
2004096期;2004-10-31;01;04;12;16;20;30;15;80,026,728元;186,184,209元
2004094期;2004-10-26;05;09;10;13;24;25;08;67,261,634元;176,151,596元
2004092期;2004-10-21;01;04;08;13;28;31;02;68,711,350元;176,917,360元
2004090期;2004-10-17;01;18;20;24;32;33;12;78,631,066元;163,910,685元
2016078期;2016-07-07;02;04;08;23;26;29;02;296,681,554元;953,135,832元
2016076期;2016-07-03;07;08;13;22;30;32;01;331,977,974元;917,666,478元
2016074期;2016-06-28;06;10;11;12;20;25;12;297,584,738元;838,131,500元
2016072期;2016-06-23;05;16;19;22;24;25;02;290,670,126元;1,100,767,568元
2016070期;2016-06-19;03;06;11;18;23;29;01;326,894,102元;1,023,740,893元
2016068期;2016-06-14;08;19;23;28;31;32;01;295,768,168元;991,629,338元
2016066期;2016-06-09;03;07;13;18;19;20;05;275,334,312元;921,254,130元
2016064期;2016-06-05;03;12;14;17;19;26;03;332,534,594元;900,497,807元
2016062期;2016-05-31;12;13;15;18;19;21;09;305,198,008元;865,680,358元
2016060期;2016-05-26;04;05;22;26;29;32;08;320,540,202元;914,524,470元
2016058期;2016-05-22;03;05;18;20;24;32;11;357,296,334元;981,243,730元
2016056期;2016-05-17;03;04;08;11;16;18;14;326,490,562元;925,399,830元
2016054期;2016-05-12;06;11;16;19;28;32;04;324,349,586元;914,302,376元
2016052期;2016-05-08;01;06;13;19;24;28;16;353,216,208元;876,129,336元
2016050期;2016-05-03;09;12;24;28;29;30;02;308,889,140元;823,767,052元
2006143期;2006-12-05;01;15;20;29;31;32;08;112,319,084元;106,171,634元
2006141期;2006-11-30;16;18;22;23;25;31;11;113,085,938元;90,887,284元
2006139期;2006-11-26;07;08;14;21;23;25;05;131,547,148元;86,676,824元
2006137期;2006-11-21;10;14;17;21;27;31;09;114,978,368元;101,321,304元
2006135期;2006-11-16;04;19;21;22;23;31;04;117,256,018元;125,602,187元
2006133期;2006-11-12;04;06;20;25;29;31;03;132,260,424元;127,782,601元
2006131期;2006-11-07;03;04;09;22;26;33;01;109,252,010元;104,396,474元
2006129期;2006-11-02;09;14;18;22;27;29;12;114,763,814元;55,852,518元
2006127期;2006-10-29;03;04;11;17;19;30;01;132,007,038元;114,489,426元
2006125期;2006-10-24;15;19;23;30;32;33;06;108,541,420元;125,085,299元
2006123期;2006-10-19;02;03;20;25;28;32;06;109,186,124元;90,869,747元
2006121期;2006-10-15;03;04;06;27;31;33;06;121,563,190元;81,572,370元
2006119期;2006-10-10;01;02;14;20;27;30;02;104,253,630元;109,004,982元
2006117期;2006-10-05;06;14;20;22;23;26;09;102,567,054元;109,790,770元
2006115期;2006-10-01;01;10;20;26;28;29;15;124,883,314元;88,229,360元
2009132期;2009-11-10;04;14;15;21;23;30;07;227,359,216元;68,350,516元
2009130期;2009-11-05;02;03;07;12;13;30;11;235,462,772元;57,204,927元
2009128期;2009-11-01;05;08;15;16;26;32;01;261,066,840元;110,810,788元
2009126期;2009-10-27;03;05;06;10;19;23;15;235,506,694元;104,063,082元
2009124期;2009-10-22;03;04;22;23;28;30;10;249,561,480元;125,960,139元
2009122期;2009-10-18;07;14;16;27;29;32;01;266,208,716元;134,110,885元
2009120期;2009-10-13;01;02;08;12;16;30;16;222,194,270元;136,765,954元
2009118期;2009-10-08;12;16;25;26;27;31;05;215,790,310元;30,000,000元
2009116期;2009-10-04;05;17;21;25;27;32;14;221,054,568元;359,260,188元
2009114期;2009-09-29;03;05;11;12;31;32;11;222,577,144元;333,350,496元
2009112期;2009-09-24;06;07;18;24;30;32;09;227,610,064元;362,067,750元
2009110期;2009-09-20;04;10;13;15;19;30;14;245,158,100元;346,996,620元
2009108期;2009-09-15;04;10;17;28;32;33;02;215,736,244元;267,096,455元
2009106期;2009-09-10;01;02;15;18;20;29;04;218,443,162元;263,344,464元
2009104期;2009-09-06;20;22;26;29;30;32;16;233,718,766元;231,255,420元
2003057期;2003-09-07;18;19;24;25;30;31;16;32,781,224元;24,762,391元
2003055期;2003-08-31;06;13;16;21;28;31;16;29,508,178元;23,989,902元
2003053期;2003-08-24;15;19;20;21;28;29;13;29,854,724元;19,193,731元
2003051期;2003-08-17;04;13;15;17;24;27;01;24,831,800元;8,574,843元
2003049期;2003-08-10;03;06;07;13;24;25;15;27,734,490元;21,162,598元
2003047期;2003-08-03;03;17;26;28;32;33;16;28,355,638元;21,170,406元
2003045期;2003-07-27;03;07;14;15;17;32;03;26,657,064元;24,418,051元
2003043期;2003-07-20;02;08;10;19;20;32;13;27,416,990元;12,884,963元
2003041期;2003-07-13;02;03;17;18;24;25;11;28,265,402元;8,855,427元
2003039期;2003-07-06;03;05;23;24;27;32;03;27,694,202元;18,823,695元
2003037期;2003-06-29;09;14;17;18;26;32;07;26,257,640元;19,818,362元
2003035期;2003-06-22;03;04;05;08;10;11;08;25,179,768元;28,751,013元
2003033期;2003-06-15;01;07;14;20;27;30;10;22,266,754元;20,161,441元
2003031期;2003-06-08;11;17;20;22;28;32;01;18,101,608元;11,573,486元
2003029期;2003-06-01;02;07;15;26;29;32;10;17,515,374元;3,170,231元
2006113期;2006-09-26;05;14;17;18;28;33;02;107,572,058元;115,495,976元
2006111期;2006-09-21;01;08;11;16;17;22;15;108,913,454元;128,132,828元
2006109期;2006-09-17;01;05;17;18;23;26;13;126,119,150元;121,401,005元
2006107期;2006-09-12;01;06;08;13;17;30;07;104,721,686元;143,020,688元
2006105期;2006-09-07;05;12;14;15;20;31;01;107,101,384元;164,297,659元
2006103期;2006-09-03;12;14;15;25;28;31;06;121,181,078元;148,745,838元
2006101期;2006-08-29;09;12;20;26;27;28;16;103,642,530元;139,155,564元
2006099期;2006-08-24;09;12;18;23;24;27;05;104,632,276元;136,601,442元
2006097期;2006-08-20;11;14;15;20;26;27;12;121,243,358元;142,398,104元
2006095期;2006-08-15;01;03;17;20;21;29;16;102,008,350元;123,013,291元
2006093期;2006-08-10;02;12;16;18;19;23;05;103,069,550元;112,211,224元
2006091期;2006-08-06;07;08;12;21;22;24;07;117,308,110元;90,646,515元
2006089期;2006-08-01;01;13;16;18;19;22;01;94,591,130元;86,285,876元
2006087期;2006-07-27;04;05;08;09;12;30;05;100,404,616元;68,575,468元
2006085期;2006-07-23;02;06;18;21;24;25;08;113,841,824元;66,565,353元
2016048期;2016-04-28;03;08;13;14;15;30;04;329,538,828元;830,538,816元
2016046期;2016-04-24;07;20;25;26;27;30;14;364,459,490元;779,578,465元
2016044期;2016-04-19;01;03;10;12;18;30;01;335,979,238元;632,010,456元
2016042期;2016-04-14;07;14;17;23;26;31;09;334,864,386元;589,832,826元
2016040期;2016-04-10;03;13;19;20;23;26;03;365,246,422元;568,128,108元
2016038期;2016-04-05;03;12;13;22;28;29;03;325,081,790元;530,930,396元
2016036期;2016-03-31;03;04;07;09;20;22;03;348,368,584元;439,352,386元
2016034期;2016-03-27;03;15;21;22;23;28;15;380,415,644元;388,316,232元
2016032期;2016-03-22;08;12;14;15;21;27;15;339,342,300元;228,889,010元
2016030期;2016-03-17;10;14;19;22;25;29;12;351,985,986元;202,797,966元
2016028期;2016-03-13;06;08;12;21;25;29;01;370,238,316元;639,478,896元
2016026期;2016-03-08;04;09;12;28;30;33;01;329,158,276元;573,762,988元
2016024期;2016-03-03;02;05;07;14;18;31;13;344,808,140元;551,044,179元
2016022期;2016-02-28;04;09;19;22;23;30;07;370,206,784元;574,633,808元
2016020期;2016-02-23;01;02;10;12;22;24;10;317,041,006元;540,251,214元
2010068期;2010-06-15;03;13;18;20;23;28;13;215,863,382元;162,443,021元
2010066期;2010-06-10;01;03;21;22;31;32;07;237,425,002元;178,105,520元
2010064期;2010-06-06;08;14;25;26;30;31;11;259,371,022元;144,757,616元
2010062期;2010-06-01;11;13;15;20;31;33;03;235,535,320元;153,894,811元
2010060期;2010-05-27;01;08;15;18;22;27;09;239,669,684元;102,409,895元
2010058期;2010-05-23;01;04;11;17;19;29;12;258,079,782元;97,559,109元
2010056期;2010-05-18;01;02;03;08;13;32;07;243,521,976元;144,121,435元
2010054期;2010-05-13;01;06;08;12;14;25;06;240,532,550元;200,266,356元
2010052期;2010-05-09;01;02;19;23;27;29;10;254,114,154元;187,259,932元
2010050期;2010-05-04;07;21;22;26;28;30;11;217,484,954元;187,830,266元
2010048期;2010-04-29;01;06;08;10;23;33;02;227,901,710元;144,359,586元
2010046期;2010-04-25;11;12;21;23;27;32;05;257,876,882元;122,776,494元
2010044期;2010-04-20;03;09;21;23;27;31;05;237,978,418元;76,358,160元
2010042期;2010-04-15;03;06;11;20;31;32;10;231,323,160元;112,387,849元
2010040期;2010-04-11;12;19;24;25;30;32;11;257,165,686元;110,698,090元
2011095期;2011-08-16;03;07;08;10;23;24;05;293,229,282元;74,232,601元
2011093期;2011-08-11;04;07;11;13;23;30;09;300,330,150元;168,782,368元
2011091期;2011-08-07;09;15;21;23;28;30;03;330,377,834元;192,643,284元
2011089期;2011-08-02;01;02;11;24;29;30;12;299,010,020元;124,360,665元
2011087期;2011-07-28;02;03;04;05;18;28;01;296,896,504元;136,827,640元
2011085期;2011-07-24;03;06;11;21;24;31;10;371,696,466元;667,439,560元
2011083期;2011-07-19;07;16;18;24;28;29;06;346,077,740元;650,346,305元
2011081期;2011-07-14;06;14;19;23;25;32;12;347,690,264元;675,559,532元
2011079期;2011-07-10;03;14;15;16;24;29;05;391,447,400元;649,417,535元
2011077期;2011-07-05;01;07;08;15;26;29;10;366,916,974元;650,114,820元
2011075期;2011-06-30;07;09;10;12;31;32;13;343,341,640元;588,128,854元
2011073期;2011-06-26;03;04;05;12;17;21;14;362,922,526元;523,214,664元
2011071期;2011-06-21;01;02;15;22;28;30;02;310,534,104元;475,028,862元
2011069期;2011-06-16;02;13;16;18;24;30;12;308,628,372元;432,770,570元
2011067期;2011-06-12;17;19;20;24;25;27;12;321,776,484元;405,709,326元
2012062期;2012-05-29;02;13;16;17;20;31;07;422,402,826元;1,007,530,788元
2012060期;2012-05-24;07;10;13;16;17;29;01;394,479,944元;981,041,268元
2012058期;2012-05-20;03;06;15;20;25;26;04;416,752,864元;861,105,840元
2012056期;2012-05-15;04;07;14;17;26;31;10;363,402,618元;758,653,203元
2012054期;2012-05-10;06;14;18;20;30;33;14;356,190,234元;733,827,565元
2012052期;2012-05-06;02;03;05;06;20;24;04;383,696,656元;644,091,290元
2012050期;2012-05-01;07;13;15;17;19;24;11;319,513,602元;598,944,924元
2012048期;2012-04-26;01;05;14;22;24;30;10;352,087,342元;552,158,516元
2012046期;2012-04-22;04;12;19;20;23;33;06;391,900,112元;538,225,270元
2012044期;2012-04-17;06;09;10;14;22;25;03;356,462,184元;544,205,207元
2012042期;2012-04-12;05;06;11;19;24;28;16;353,943,408元;543,764,552元
2012040期;2012-04-08;03;08;09;22;25;31;10;391,299,304元;503,321,868元
2012038期;2012-04-03;09;10;11;15;19;33;16;323,004,056元;545,604,136元
2012036期;2012-03-29;02;11;13;18;19;26;09;360,667,728元;473,900,100元
2012034期;2012-03-25;02;03;08;23;32;33;16;399,671,360元;559,655,765元
2008106期;2008-09-09;14;19;25;27;29;30;15;145,583,846元;88,687,594元
2008104期;2008-09-04;03;06;08;17;24;31;01;146,186,834元;90,517,482元
2008102期;2008-08-31;03;07;12;21;25;32;05;163,061,174元;46,230,420元
2008100期;2008-08-26;08;14;17;21;27;28;14;143,116,762元;67,480,016元
2008098期;2008-08-21;06;07;10;11;15;30;01;141,788,216元;80,570,714元
2008096期;2008-08-17;06;08;12;24;27;31;14;155,836,508元;55,717,575元
2008094期;2008-08-12;01;04;15;16;23;28;14;138,848,472元;51,035,380元
2008092期;2008-08-07;01;03;18;27;28;30;05;147,648,912元;39,468,357元
2008090期;2008-08-03;02;07;14;18;19;24;01;161,612,270元;47,964,342元
2008088期;2008-07-29;01;06;08;16;17;23;05;145,378,764元;101,236,320元
2008086期;2008-07-24;04;05;10;26;27;30;12;149,218,680元;127,320,587元
2008084期;2008-07-20;04;07;13;20;29;30;16;164,902,436元;96,175,310元
2008082期;2008-07-15;04;08;10;12;21;26;09;145,747,052元;81,260,097元
2008080期;2008-07-10;04;14;22;25;29;32;14;147,833,964元;131,935,706元
2008078期;2008-07-06;06;13;16;26;30;33;01;163,038,372元;135,542,103元
2008016期;2008-02-05;03;12;14;21;29;33;13;140,568,370元;88,155,385元
2008014期;2008-01-31;03;09;11;17;21;31;14;135,835,312元;19,914,148元
2008012期;2008-01-27;03;04;05;16;20;30;13;154,610,224元;51,190,784元
2008010期;2008-01-22;03;08;11;17;21;27;09;146,738,458元;30,000,000元
2008008期;2008-01-17;02;15;16;23;26;27;07;150,661,200元;78,226,614元
2008006期;2008-01-13;01;14;16;18;22;27;14;165,907,668元;89,631,944元
2008004期;2008-01-08;04;08;22;23;27;29;08;154,299,042元;34,402,240元
2008002期;2008-01-03;03;04;18;22;25;29;09;153,610,222元;90,539,172元
2007153期;2007-12-30;01;04;19;20;25;31;15;169,633,854元;84,553,908元
2007151期;2007-12-25;01;06;10;11;23;25;02;153,939,934元;35,258,288元
2007149期;2007-12-20;01;17;19;22;28;30;03;149,288,714元;50,801,224元
2007147期;2007-12-16;03;07;18;24;26;27;04;179,005,766元;121,358,164元
2007145期;2007-12-11;08;09;11;12;25;31;11;156,683,190元;127,241,856元
2007143期;2007-12-06;01;06;22;23;24;26;04;152,332,662元;126,145,669元
2007141期;2007-12-02;02;03;04;06;17;31;08;166,050,194元;60,194,361元
2010038期;2010-04-06;01;06;07;11;13;16;01;226,161,590元;61,171,668元
2010036期;2010-04-01;06;13;14;28;29;30;08;229,557,916元;35,828,200元
2010034期;2010-03-28;06;11;13;22;25;32;12;252,670,562元;64,363,617元
2010032期;2010-03-23;08;18;21;28;29;33;08;236,489,598元;30,000,000元
2010030期;2010-03-18;03;06;10;16;25;31;05;239,533,728元;161,999,500元
2010028期;2010-03-14;01;03;06;12;16;32;12;256,691,698元;184,385,240元
2010026期;2010-03-09;02;04;05;08;19;22;12;220,382,336元;150,691,839元
2010024期;2010-03-04;07;16;26;27;29;31;14;224,928,938元;129,470,556元
2010022期;2010-02-28;01;02;18;29;31;32;02;245,991,044元;125,523,464元
2010020期;2010-02-23;05;06;14;22;24;26;09;215,066,270元;95,136,920元
2010018期;2010-02-11;11;28;29;30;32;33;02;229,188,092元;156,455,688元
2010016期;2010-02-07;02;08;10;12;30;33;16;254,137,478元;159,326,008元
2010014期;2010-02-02;01;03;07;14;26;28;02;225,210,868元;116,765,796元
2010012期;2010-01-28;02;08;13;14;25;33;10;242,397,004元;185,893,268元
2010010期;2010-01-24;07;08;12;15;22;26;08;268,314,736元;184,681,539元
2010008期;2010-01-19;05;07;13;15;18;30;14;244,041,538元;303,068,871元
2010006期;2010-01-14;03;05;07;13;14;18;05;245,619,296元;229,872,250元
2010004期;2010-01-10;01;12;13;16;23;28;07;262,213,890元;254,169,908元
2010002期;2010-01-05;03;06;07;23;30;33;13;230,644,990元;224,648,194元
2009154期;2009-12-31;01;07;12;14;18;25;16;250,550,710元;188,256,928元
2009152期;2009-12-27;03;04;19;21;27;28;05;262,814,730元;182,412,036元
2009150期;2009-12-22;04;06;07;16;19;20;04;240,949,072元;178,039,060元
2009148期;2009-12-17;06;12;15;22;29;32;10;234,965,094元;128,462,721元
2009146期;2009-12-13;03;09;16;20;22;33;15;265,187,498元;61,100,095元
2009144期;2009-12-08;01;05;10;17;18;29;12;234,614,110元;76,340,805元
2009142期;2009-12-03;07;11;15;19;20;24;13;240,043,572元;113,984,610元
2009140期;2009-11-29;04;05;11;18;22;33;12;257,453,092元;205,085,084元
2009138期;2009-11-24;04;07;14;26;32;33;14;229,193,984元;145,792,626元
2009136期;2009-11-19;01;04;14;22;30;33;01;222,662,662元;111,364,688元
2009134期;2009-11-15;03;05;12;15;28;33;06;246,133,544元;61,631,400元
2003027期;2003-05-25;01;11;14;17;27;28;15;17,626,250元;9,553,276元
2003025期;2003-05-18;01;05;11;13;14;27;12;16,536,260元;8,394,596元
2003023期;2003-05-11;01;10;20;22;26;31;02;15,374,822元;8,321,908元
2003021期;2003-05-04;14;15;18;25;26;30;01;13,537,342元;7,108,391元
2003019期;2003-04-27;04;08;12;13;16;33;09;15,159,580元;31,555,212元
2003017期;2003-04-20;05;08;18;23;25;31;06;14,451,270元;25,928,966元
2003015期;2003-04-13;04;11;19;25;26;32;13;13,460,134元;18,393,824元
2003013期;2003-04-06;08;13;17;21;23;32;12;12,611,880元;13,128,993元
2003011期;2003-03-30;04;05;11;12;30;32;15;12,782,494元;12,695,728元
2003009期;2003-03-23;05;09;18;20;22;30;09;12,386,072元;13,902,044元
2003007期;2003-03-16;01;09;19;21;23;26;07;12,124,030元;12,985,898元
2003005期;2003-03-09;04;06;15;17;30;31;16;10,661,438元;14,280,829元
2003003期;2003-03-02;01;07;10;23;28;32;16;8,917,960元;9,881,677元
2003001期;2003-02-23;10;11;12;13;26;28;11;10,307,806元;2,097,070元
2007109期;2007-09-18;01;04;07;08;13;14;04;117,653,172元;111,274,026元
2007107期;2007-09-13;02;08;09;18;24;28;10;118,762,906元;81,343,980元
2007105期;2007-09-09;02;07;10;17;23;29;14;134,273,360元;87,904,974元
2007103期;2007-09-04;07;09;25;27;30;32;01;102,844,920元;92,238,351元
2007101期;2007-08-30;15;16;18;21;22;30;14;103,261,246元;65,672,848元
2007099期;2007-08-26;03;04;14;27;31;33;05;115,727,006元;47,539,875元
2007097期;2007-08-21;04;08;13;18;26;30;11;99,828,090元;58,142,076元
2007095期;2007-08-16;01;06;08;18;29;32;07;101,322,650元;88,670,436元
2007093期;2007-08-12;05;10;13;15;19;29;02;115,267,274元;90,503,771元
2007091期;2007-08-07;02;11;17;30;31;32;07;98,640,430元;60,352,834元
2007089期;2007-08-02;03;07;08;15;19;28;03;99,074,148元;48,194,132元
2007087期;2007-07-29;01;03;04;05;08;21;09;115,648,010元;61,822,770元
2007085期;2007-07-24;02;12;17;19;29;30;12;101,375,038元;51,669,400元
2007083期;2007-07-19;11;14;18;20;21;26;05;100,264,804元;49,759,465元
2007081期;2007-07-15;09;14;15;19;24;33;13;120,651,274元;93,048,135元
2007139期;2007-11-27;06;10;12;14;16;22;06;147,362,270元;49,342,984元
2007137期;2007-11-22;03;07;08;18;20;22;03;148,358,822元;84,084,091元
2007135期;2007-11-18;01;11;16;26;31;33;16;159,526,566元;119,586,385元
2007133期;2007-11-13;03;06;07;11;13;33;10;145,163,392元;63,276,884元
2007131期;2007-11-08;03;05;07;16;22;27;05;139,489,488元;76,223,517元
2007129期;2007-11-04;05;07;20;21;22;30;08;152,215,698元;30,000,000元
2007127期;2007-10-30;06;09;13;16;24;28;11;131,706,110元;36,329,644元
2007125期;2007-10-25;03;05;18;20;27;33;01;137,439,952元;133,082,056元
2007123期;2007-10-21;01;13;15;23;28;32;02;149,864,730元;85,715,304元
2007121期;2007-10-16;03;10;21;22;27;28;06;125,337,786元;78,286,342元
2007119期;2007-10-11;03;08;11;13;25;31;12;124,850,416元;30,000,000元
2007117期;2007-10-07;03;07;09;10;26;32;01;132,239,116元;101,751,738元
2007115期;2007-10-02;01;05;10;16;20;26;02;108,125,704元;93,248,246元
2007113期;2007-09-27;04;18;23;25;26;31;10;124,724,404元;124,934,931元
2007111期;2007-09-23;02;09;10;12;13;17;11;136,651,412元;111,861,375元
2009042期;2009-04-14;08;16;22;23;27;30;11;207,877,744元;66,936,596元
2009040期;2009-04-09;04;07;10;20;26;30;12;212,931,272元;45,714,888元
2009038期;2009-04-05;12;13;15;23;28;32;05;229,578,934元;80,229,620元
2009036期;2009-03-31;06;09;18;23;32;33;07;215,060,184元;111,106,317元
2009034期;2009-03-26;09;12;18;21;22;26;07;214,772,934元;112,700,695元
2009032期;2009-03-22;09;11;12;19;27;32;06;231,465,250元;103,112,040元
2009030期;2009-03-17;08;14;24;26;28;32;07;218,775,106元;65,172,024元
2009028期;2009-03-12;03;06;12;15;23;26;10;212,975,332元;74,192,493元
2009026期;2009-03-08;11;15;17;18;20;30;16;232,338,570元;351,118,314元
2009024期;2009-03-03;01;03;17;23;30;33;12;208,357,346元;342,914,844元
2009022期;2009-02-26;05;08;09;10;11;18;08;212,225,776元;322,713,790元
2009020期;2009-02-22;03;05;07;10;19;23;13;231,854,880元;315,891,352元
2009018期;2009-02-17;02;05;06;19;27;30;15;194,471,112元;268,726,136元
2009016期;2009-02-12;02;07;13;16;20;33;03;193,953,514元;265,498,528元
2009014期;2009-02-08;03;06;09;14;15;18;02;209,566,064元;259,603,164元
2007079期;2007-07-10;03;04;14;20;21;25;14;103,249,956元;125,649,416元
2007077期;2007-07-05;06;08;14;21;28;29;02;107,569,632元;124,864,516元
2007075期;2007-07-01;13;16;17;22;30;32;03;125,477,334元;111,628,560元
2007073期;2007-06-26;05;09;11;19;28;31;02;109,359,702元;99,771,100元
2007071期;2007-06-21;01;06;14;21;30;31;09;116,647,272元;94,053,292元
2007069期;2007-06-17;03;04;11;12;14;32;12;137,143,568元;99,446,444元
2007067期;2007-06-12;06;11;13;17;21;23;11;106,213,796元;103,289,153元
2007065期;2007-06-07;04;07;19;21;25;31;07;106,720,024元;83,340,246元
2007063期;2007-06-03;10;15;17;24;26;28;12;124,445,210元;106,832,163元
2007061期;2007-05-29;01;06;07;11;20;23;05;107,509,478元;116,607,972元
2007059期;2007-05-24;01;03;04;06;07;29;14;107,668,468元;100,734,154元
2007057期;2007-05-20;05;11;18;19;20;21;09;125,193,540元;98,367,957元
2007055期;2007-05-15;02;06;11;22;28;29;02;109,364,728元;107,553,346元
2007053期;2007-05-10;10;13;16;17;18;27;11;109,175,190元;78,099,634元
2007051期;2007-05-06;03;14;16;26;27;33;13;128,364,720元;86,681,988元
2009072期;2009-06-23;01;03;12;20;21;29;04;211,601,456元;247,623,670元
2009070期;2009-06-18;01;02;09;10;21;31;10;219,945,468元;246,355,720元
2009068期;2009-06-14;06;11;18;20;25;30;05;241,709,362元;242,438,490元
2009066期;2009-06-09;02;15;19;24;31;32;04;218,893,000元;299,814,732元
2009064期;2009-06-04;01;02;14;23;28;29;15;226,247,318元;313,149,980元
2009062期;2009-05-31;10;19;20;21;23;32;10;239,346,092元;252,528,787元
2009060期;2009-05-26;07;13;17;26;32;33;04;214,031,372元;224,183,916元
2009058期;2009-05-21;05;08;10;15;23;26;09;211,477,696元;171,214,875元
2009056期;2009-05-17;04;09;10;18;29;32;08;232,354,314元;218,862,140元
2009054期;2009-05-12;16;17;23;26;31;32;11;212,918,588元;192,320,136元
2009052期;2009-05-07;09;11;15;19;21;30;08;215,699,408元;190,191,519元
2009050期;2009-05-03;13;21;24;29;30;32;04;223,078,776元;213,518,652元
2009048期;2009-04-28;03;07;11;15;17;31;01;210,372,082元;196,214,620元
2009046期;2009-04-23;16;20;21;26;29;30;09;212,241,096元;170,377,314元
2009044期;2009-04-19;11;14;16;18;26;30;01;229,851,250元;115,105,218元
2011005期;2011-01-11;06;09;12;14;20;22;13;258,389,670元;131,726,338元
2011003期;2011-01-06;13;14;21;22;23;27;04;272,943,652元;30,000,000元
2011001期;2011-01-02;03;09;20;24;26;32;10;290,720,992元;56,048,886元
2010152期;2010-12-28;04;09;17;21;25;31;01;283,747,722元;89,523,115元
2010150期;2010-12-23;02;17;18;23;29;30;06;287,200,078元;38,712,480元
2010148期;2010-12-19;01;03;07;18;23;27;12;338,741,658元;133,060,932元
2010146期;2010-12-14;01;17;18;22;25;32;01;300,076,660元;335,895,280元
2010144期;2010-12-09;02;03;08;15;19;21;11;301,323,048元;292,556,540元
2010142期;2010-12-05;02;16;18;23;26;27;10;330,364,770元;247,417,472元
2010140期;2010-11-30;01;12;13;18;26;29;15;296,121,968元;236,244,572元
2010138期;2010-11-25;01;21;23;24;26;30;05;280,036,566元;204,162,271元
2010136期;2010-11-21;04;10;23;24;26;33;10;305,525,370元;106,215,220元
2010134期;2010-11-16;09;15;16;22;27;28;06;274,898,772元;144,560,712元
2010132期;2010-11-11;02;10;12;18;24;33;15;277,931,070元;139,725,230元
2010130期;2010-11-07;01;02;07;15;21;31;16;301,606,730元;153,897,490元
2012092期;2012-08-07;06;13;17;18;28;32;03;323,643,554元;395,589,720元
2012090期;2012-08-02;02;13;20;25;29;30;11;329,354,360元;403,072,608元
2012088期;2012-07-29;03;05;23;24;27;31;15;363,501,734元;408,504,504元
2012086期;2012-07-24;08;09;13;15;22;23;08;329,772,984元;384,956,516元
2012084期;2012-07-19;02;10;20;26;28;29;14;340,543,862元;432,286,812元
2012082期;2012-07-15;02;04;11;18;22;29;06;376,633,434元;393,473,628元
2012080期;2012-07-10;04;09;14;15;16;27;03;333,462,942元;455,696,645元
2012078期;2012-07-05;08;15;22;24;28;33;12;339,534,852元;460,539,066元
2012076期;2012-07-01;11;18;22;27;29;30;15;379,484,266元;417,549,411元
2012074期;2012-06-26;15;16;18;19;28;32;08;354,427,342元;451,774,750元
2012072期;2012-06-21;02;03;07;09;13;30;06;349,310,588元;433,951,832元
2012070期;2012-06-17;02;03;04;24;31;32;11;403,726,842元;387,991,070元
2012068期;2012-06-12;05;17;22;26;32;33;10;379,754,544元;462,930,039元
2012066期;2012-06-07;01;02;09;26;29;33;12;389,067,662元;994,657,342元
2012064期;2012-06-03;05;10;11;16;23;24;11;444,563,890元;986,276,964元
2014114期;2014-10-02;02;07;23;30;32;33;10;336,622,164元;803,604,936元
2014112期;2014-09-28;01;15;16;21;24;30;03;438,774,340元;754,185,552元
2014110期;2014-09-23;01;08;11;13;19;30;06;384,948,858元;759,917,456元
2014108期;2014-09-18;03;08;09;20;23;28;02;393,047,674元;735,850,612元
2014106期;2014-09-14;09;14;17;18;21;25;15;422,052,940元;718,893,160元
2014104期;2014-09-09;02;06;12;19;27;28;13;358,170,510元;624,461,375元
2014102期;2014-09-04;14;16;21;24;28;31;13;368,749,750元;582,985,842元
2014100期;2014-08-31;01;06;09;10;14;16;11;401,949,134元;472,918,194元
2014098期;2014-08-26;02;13;17;20;29;31;07;353,151,800元;392,834,215元
2014096期;2014-08-21;12;14;17;19;22;24;08;357,432,576元;312,395,240元
2014094期;2014-08-17;01;10;18;20;23;29;01;394,513,356元;273,173,708元
2014092期;2014-08-12;03;13;18;19;22;26;07;355,694,942元;308,790,808元
2014090期;2014-08-07;05;09;11;19;24;32;13;361,007,810元;285,022,119元
2014088期;2014-08-03;03;06;11;14;16;29;15;378,895,304元;380,020,836元
2014086期;2014-07-29;02;04;10;12;14;30;08;342,885,520元;321,991,524元
2014144期;2014-12-11;03;05;06;09;10;27;14;379,438,954元;350,262,546元
2014142期;2014-12-07;06;21;22;23;25;28;13;419,262,206元;343,788,680元
2014140期;2014-12-02;06;10;11;14;17;33;06;369,928,040元;355,086,600元
2014138期;2014-11-27;04;06;13;29;31;33;13;379,450,576元;333,290,635元
2014136期;2014-11-23;03;16;19;27;31;32;10;419,949,224元;405,577,188元
2014134期;2014-11-18;05;16;22;23;26;28;02;374,813,426元;279,769,385元
2014132期;2014-11-13;05;06;14;15;18;33;08;372,487,192元;215,841,500元
2014130期;2014-11-09;01;02;10;24;30;33;10;402,591,108元;176,970,840元
2014128期;2014-11-04;05;07;08;17;18;24;14;358,520,804元;87,337,680元
2014126期;2014-10-30;06;11;16;17;22;27;01;374,635,140元;92,547,000元
2014124期;2014-10-26;02;17;20;24;31;33;04;414,603,564元;149,338,971元
2014122期;2014-10-21;06;09;11;16;20;29;11;372,450,634元;178,571,232元
2014120期;2014-10-16;01;07;12;16;23;28;04;380,941,988元;236,996,485元
2014118期;2014-10-12;05;07;15;18;26;30;03;412,610,364元;348,405,240元
2014116期;2014-10-07;09;10;14;15;19;29;16;355,472,106元;349,707,904元
2016138期;2016-11-24;07;16;20;24;25;30;07;350,229,764元;998,764,932元
2016136期;2016-11-20;02;07;10;20;27;29;03;989,371,808 元;396,457,052 元
2016134期;2016-11-15;11;12;13;14;18;33;13;356,409,344元;1,057,618,368元
2016132期;2016-11-10;05;08;13;19;27;28;07;349,399,364元;1,107,687,796元
2016130期;2016-11-06;03;17;21;23;27;28;01;389,013,348元;1,258,366,632元
2016128期;2016-11-01;04;09;11;17;26;27;13;346,505,806元;1,172,302,677元
2016126期;2016-10-27;02;06;12;17;18;19;10;347,402,822 元;1,154,908,300 元
2016124期;2016-10-23;09;15;21;24;27;32;10;370,331,346元;1,144,946,805元
2016122期;2016-10-18;15;22;23;24;28;29;08;305,059,324元;1,089,129,612元
2016120期;2016-10-13;02;05;06;21;25;28;09;309,329,228元;1,054,589,076元
2016118期;2016-10-09;09;14;22;23;31;33;14;338,792,784元;1,017,168,724元
2016116期;2016-10-04;07;18;20;23;27;31;13;268,669,114元;997,623,156元
2016114期;2016-09-29;05;16;20;22;27;29;09;300,350,554元;1,005,529,350元
2016112期;2016-09-25;06;12;14;15;18;25;12;339,124,224元;1,082,109,240元
2016110期;2016-09-20;05;07;28;31;32;33;08;306,664,040元;1,037,073,225元
2014054期;2014-05-15;01;04;05;11;29;30;14;362,404,232元;163,007,572元
2014052期;2014-05-11;09;13;15;28;30;33;08;388,520,458元;130,683,658元
2014050期;2014-05-06;03;17;23;25;26;32;13;356,974,970元;153,092,388元
2014048期;2014-05-01;06;09;16;17;24;25;16;328,158,768元;167,548,980元
2014046期;2014-04-27;02;10;11;17;18;22;10;407,325,576元;151,808,850元
2014044期;2014-04-22;04;09;21;27;28;33;12;373,074,342元;234,600,372元
2014042期;2014-04-17;12;15;20;25;28;33;14;373,018,334元;267,308,119元
2014040期;2014-04-13;03;04;06;11;12;15;08;406,009,192元;129,726,387元
2014038期;2014-04-08;04;07;22;23;24;33;16;356,364,376元;95,544,036元
2014036期;2014-04-03;01;07;08;09;11;22;03;378,585,748元;115,259,940元
2014034期;2014-03-30;01;03;04;08;25;31;06;432,189,956元;242,743,280元
2014032期;2014-03-25;01;02;14;22;29;33;07;397,424,848元;363,106,803元
2014030期;2014-03-20;12;18;19;23;24;30;10;396,594,924元;343,001,056元
2014028期;2014-03-16;06;16;21;27;30;32;05;435,709,368元;309,604,392元
2014026期;2014-03-11;01;02;05;06;11;23;14;376,888,174元;234,682,846元
2013118期;2013-10-08;02;03;17;22;32;33;16;343,511,272元;243,272,184元
2013116期;2013-10-03;12;15;21;26;32;33;07;312,633,700元;259,236,778元
2013114期;2013-09-29;04;06;17;21;23;33;07;398,506,774元;240,677,850元
2013112期;2013-09-24;01;06;12;13;22;31;07;344,881,702元;199,580,280元
2013110期;2013-09-19;15;17;18;21;29;32;13;341,867,256元;271,666,100元
2013108期;2013-09-15;16;21;22;28;31;32;05;384,725,718元;244,712,259元
2013106期;2013-09-10;09;11;23;30;31;32;06;344,715,810元;192,566,520元
2013104期;2013-09-05;01;02;04;15;17;28;11;339,771,188元;161,543,208元
2013102期;2013-09-01;02;04;05;06;08;16;03;374,113,680元;112,762,404元
2013100期;2013-08-27;04;08;11;14;16;20;11;324,850,520元;110,063,013元
2013098期;2013-08-22;07;15;18;19;20;26;14;333,979,300元;61,447,820元
2013096期;2013-08-18;01;02;22;28;29;30;15;364,530,978元;133,568,694元
2013094期;2013-08-13;02;04;14;18;20;22;07;320,217,972元;85,662,203元
2013092期;2013-08-08;07;11;15;21;26;31;06;311,052,518元;39,250,888元
2013090期;2013-08-04;02;05;11;23;24;29;08;372,773,264元;30,000,000元
2008076期;2008-07-01;02;05;07;11;13;18;11;149,452,982元;133,839,763元
2008074期;2008-06-26;01;11;15;19;20;24;09;144,760,564元;120,042,441元
2008072期;2008-06-22;01;05;10;18;22;30;09;161,487,324元;64,812,320元
2008070期;2008-06-17;05;06;12;15;18;33;13;143,853,670元;56,125,892元
2008068期;2008-06-12;05;07;17;23;27;29;07;146,064,510元;37,121,202元
2008066期;2008-06-08;07;12;21;22;29;30;08;157,257,472元;38,711,673元
2008064期;2008-06-03;01;02;07;09;12;18;12;142,377,766元;101,983,920元
2008062期;2008-05-29;06;08;13;17;24;27;15;137,719,710元;98,202,858元
2008060期;2008-05-25;06;07;08;17;30;32;03;152,605,692元;64,781,184元
2008058期;2008-05-20;01;12;21;27;29;31;11;133,093,020元;20,383,306元
2008056期;2008-05-15;08;13;22;23;25;30;07;143,711,520元;42,117,390元
2008054期;2008-05-11;02;06;16;17;20;25;07;166,384,318元;20,000,000元
2008052期;2008-05-06;02;10;17;23;29;31;10;150,880,684元;40,520,662元
2008050期;2008-05-01;01;11;19;24;26;27;03;143,428,932元;100,533,855元
2008048期;2008-04-27;11;18;21;27;30;32;01;177,125,564元;114,604,014元
2009102期;2009-09-01;03;05;07;08;14;31;10;211,207,990元;241,353,840元
2009100期;2009-08-27;02;11;17;27;30;33;11;213,445,814元;199,315,403元
2009098期;2009-08-23;03;14;15;20;23;30;02;234,823,318元;302,262,070元
2009096期;2009-08-18;01;26;27;31;32;33;03;209,639,476元;312,914,368元
2009094期;2009-08-13;03;16;22;25;26;33;14;207,069,924元;237,780,876元
2009092期;2009-08-09;02;06;07;14;18;31;08;233,413,914元;298,051,302元
2009090期;2009-08-04;07;09;14;20;23;30;14;206,728,590元;287,832,879元
2009088期;2009-07-30;04;07;11;15;16;17;02;204,688,536元;252,704,834元
2009086期;2009-07-26;11;12;13;18;23;32;11;222,559,596元;192,178,002元
2009084期;2009-07-21;04;09;11;20;32;33;13;198,945,272元;187,152,834元
2009082期;2009-07-16;11;15;18;21;27;29;02;200,877,058元;190,914,628元
2009080期;2009-07-12;01;11;13;25;32;33;06;220,533,638元;145,301,904元
2009078期;2009-07-07;05;07;12;14;15;20;13;196,218,272元;93,411,342元
2009076期;2009-07-02;09;18;19;25;28;31;06;202,715,574元;30,000,000元
2009074期;2009-06-28;05;10;16;19;23;28;13;223,339,000元;68,676,204元
2014024期;2014-03-06;08;10;16;20;23;30;09;380,942,014元;102,252,288元
2014022期;2014-03-02;04;06;07;10;21;26;16;422,477,050元;208,621,864元
2014020期;2014-02-25;09;14;17;23;24;25;15;369,800,298元;195,215,928元
2014018期;2014-02-20;13;17;18;21;30;33;15;366,787,508元;152,153,450元
2014016期;2014-02-16;02;03;07;13;21;24;08;394,728,698元;189,407,019元
2014014期;2014-02-11;04;09;19;22;25;29;15;340,281,006元;174,399,960元
2014012期;2014-01-28;01;08;11;19;21;24;08;364,615,256元;193,817,286元
2014010期;2014-01-23;05;07;08;20;31;33;11;359,922,428元;168,977,284元
2014008期;2014-01-19;05;14;16;21;29;30;12;392,135,484元;99,040,432元
2014006期;2014-01-14;03;04;07;17;21;27;14;369,941,458元;30,000,000元
2014004期;2014-01-09;01;04;19;22;24;25;15;373,155,800元;201,488,460元
2014002期;2014-01-05;04;21;23;31;32;33;04;408,021,124元;157,176,954元
2013154期;2013-12-31;07;11;14;19;24;29;05;382,836,786元;69,636,912元
2013152期;2013-12-26;04;06;14;16;18;29;05;353,968,798元;30,000,000元
2013150期;2013-12-22;01;15;16;25;26;29;10;409,001,896元;188,178,865元
2013148期;2013-12-17;06;11;12;14;17;22;01;354,333,120元;154,199,665元
2013146期;2013-12-12;08;20;25;30;32;33;01;404,451,866元;162,543,128元
2013144期;2013-12-08;05;07;12;19;27;31;02;406,764,784元;99,467,508元
2013142期;2013-12-03;11;12;14;20;22;29;14;356,100,256元;63,900,184元
2013140期;2013-11-28;01;05;12;13;21;22;10;359,556,480元;76,786,944元
2013138期;2013-11-24;04;15;16;24;27;28;03;402,650,432元;74,254,260元
2013136期;2013-11-19;04;06;14;16;18;26;06;369,164,734元;116,962,560元
2013134期;2013-11-14;01;17;18;19;25;29;10;372,289,714元;82,346,272元
2013132期;2013-11-10;20;21;22;23;25;27;12;420,848,208元;124,670,825元
2013130期;2013-11-05;01;03;15;16;31;33;08;385,080,972元;256,689,792元
2013128期;2013-10-31;07;13;17;19;25;31;08;381,844,688元;201,975,928元
2013126期;2013-10-27;04;10;19;27;31;33;16;408,866,622元;162,711,340元
2013124期;2013-10-22;03;09;15;23;25;30;07;347,249,642元;107,102,896元
2013122期;2013-10-17;07;10;13;15;26;27;11;345,544,080元;75,670,240元
2013120期;2013-10-13;05;06;13;18;23;31;11;404,684,072元;36,491,411元
