11.0,2.0,1.0,93.0,1019.0,15.0,3.6,0.0,1.0307806E7
16.0,1.0,-20.0,20.0,1024.0,8.0,21.6,0.0,8917960.0
16.0,3.0,-7.0,48.0,1031.0,3.0,3.6,0.0,1.0661438E7
7.0,2.0,1.0,93.0,1028.0,4.0,7.2,0.0,1.212403E7
9.0,7.0,4.0,81.0,1020.0,10.0,3.6,2.0,1.2386072E7
15.0,15.0,10.0,72.0,1010.0,3.0,7.2,0.0,1.2782494E7
12.0,16.0,6.0,52.0,1011.0,6.0,10.8,6.0,1.261188E7
13.0,15.0,-2.0,31.0,1010.0,1.0,10.8,0.0,1.3460134E7
6.0,12.0,-8.0,24.0,1025.0,8.0,7.2,0.0,1.445127E7
9.0,18.0,10.0,59.0,1009.0,7.0,7.2,0.0,1.515958E7
1.0,19.0,15.0,78.0,1014.0,7.0,7.2,0.0,1.3537342E7
2.0,16.0,16.0,100.0,1015.0,3.0,3.6,2.0,1.5374822E7
12.0,20.0,10.0,52.0,1008.0,3.0,3.6,0.0,1.653626E7
15.0,25.0,18.0,65.0,1009.0,15.0,7.2,12.0,1.762625E7
10.0,23.0,18.0,73.0,1006.0,2.0,7.2,0.0,1.7515374E7
1.0,18.0,18.0,100.0,1010.0,15.0,7.2,14.0,1.8101608E7
10.0,23.0,16.0,65.0,1010.0,2.0,7.2,0.0,2.2266754E7
8.0,21.0,21.0,100.0,1004.0,11.0,3.6,14.0,2.5179768E7
7.0,26.0,12.0,42.0,1006.0,0.0,10.8,0.0,2.625764E7
3.0,21.0,20.0,94.0,1008.0,16.0,7.2,0.0,2.7694202E7
11.0,23.0,20.0,83.0,1006.0,3.0,7.2,12.0,2.8265402E7
13.0,22.0,22.0,100.0,1007.0,17.0,0.0,13.0,2.741699E7
3.0,25.0,25.0,100.0,1002.0,17.0,0.0,0.0,2.6657064E7
16.0,27.0,21.0,70.0,1008.0,3.0,7.2,0.0,2.8355638E7
15.0,26.0,13.0,44.0,1004.0,16.0,10.8,0.0,2.773449E7
1.0,23.0,21.0,88.0,1013.0,7.0,7.2,0.0,2.48318E7
13.0,27.0,22.0,74.0,1009.0,1.0,10.8,0.0,2.9854724E7
16.0,21.0,16.0,73.0,1012.0,3.0,3.6,0.0,2.9508178E7
16.0,21.0,20.0,94.0,1010.0,2.0,3.6,0.0,3.2781224E7
4.0,20.0,16.0,78.0,1016.0,2.0,3.6,1.0,3.3611668E7
2.0,17.0,14.0,82.0,1015.0,7.0,3.6,0.0,3.8065358E7
11.0,19.0,12.0,64.0,1021.0,11.0,7.2,0.0,4.5643734E7
11.0,12.0,11.0,94.0,1023.0,3.0,3.6,2.0,4.1948818E7
10.0,10.0,6.0,76.0,1028.0,4.0,7.2,0.0,4.819283E7
11.0,12.0,10.0,88.0,1017.0,4.0,3.6,3.0,4.5227392E7
11.0,10.0,7.0,82.0,1008.0,16.0,3.6,0.0,5.5288802E7
13.0,8.0,-11.0,25.0,1026.0,4.0,10.8,0.0,5.7551772E7
11.0,1.0,-5.0,65.0,1032.0,8.0,3.6,0.0,5.2503898E7
6.0,0.0,-6.0,64.0,1032.0,2.0,3.6,6.0,5.962807E7
4.0,0.0,-2.0,87.0,1029.0,17.0,0.0,2.0,6.1225192E7
7.0,-1.0,-3.0,86.0,1026.0,4.0,7.2,1.0,6.250853E7
1.0,-5.0,-16.0,43.0,1032.0,10.0,3.6,0.0,5.9695084E7
14.0,0.0,-13.0,38.0,1034.0,8.0,14.4,0.0,6.2490224E7
13.0,4.0,-11.0,33.0,1024.0,16.0,7.2,0.0,6.612757E7
16.0,5.0,-14.0,24.0,1025.0,5.0,18.0,0.0,6.772898E7
13.0,-3.0,-21.0,24.0,1027.0,6.0,28.8,0.0,5.6569688E7
15.0,-3.0,-7.0,74.0,1031.0,7.0,14.4,0.0,6.3960828E7
8.0,-2.0,-12.0,47.0,1029.0,1.0,10.8,0.0,6.340391E7
12.0,5.0,-5.0,49.0,1023.0,0.0,7.2,0.0,6.3952992E7
5.0,-1.0,-6.0,69.0,1022.0,7.0,7.2,0.0,6.4489348E7
6.0,2.0,-14.0,30.0,1027.0,7.0,7.2,0.0,6.6466596E7
4.0,6.0,2.0,76.0,1017.0,15.0,3.6,6.0,7.2242026E7
6.0,7.0,-3.0,49.0,1020.0,4.0,7.2,12.0,7.5568694E7
6.0,16.0,-5.0,23.0,1013.0,1.0,10.8,0.0,8.6812198E7
15.0,15.0,2.0,42.0,1011.0,1.0,21.6,0.0,9.2237208E7
12.0,21.0,2.0,28.0,1012.0,4.0,10.8,0.0,9.129231E7
5.0,20.0,13.0,64.0,1003.0,7.0,10.8,0.0,8.5809328E7
13.0,10.0,8.0,87.0,1014.0,3.0,18.0,3.0,9.5382618E7
14.0,15.0,-1.0,34.0,1016.0,6.0,39.6,0.0,8.7333028E7
1.0,17.0,14.0,82.0,1005.0,17.0,0.0,1.0,9.1493038E7
7.0,12.0,12.0,100.0,1005.0,3.0,10.8,0.0,8.8138308E7
11.0,23.0,13.0,53.0,1005.0,3.0,7.2,0.0,8.8282398E7
2.0,21.0,-2.0,21.0,1016.0,4.0,14.4,0.0,8.6844222E7
5.0,20.0,14.0,68.0,1010.0,1.0,10.8,0.0,8.8925916E7
14.0,24.0,13.0,50.0,1011.0,17.0,0.0,12.0,8.402402E7
9.0,24.0,23.0,94.0,1000.0,7.0,10.8,1.0,8.2446706E7
2.0,28.0,26.0,89.0,1006.0,3.0,7.2,0.0,7.9279672E7
9.0,19.0,19.0,100.0,998.0,5.0,7.2,0.0,7.87716E7
11.0,23.0,22.0,94.0,1004.0,4.0,7.2,2.0,7.9867882E7
2.0,25.0,24.0,94.0,998.0,1.0,7.2,12.0,8.2258324E7
12.0,25.0,23.0,89.0,1006.0,3.0,3.6,0.0,7.8945786E7
12.0,14.0,7.0,63.0,1024.0,2.0,3.6,12.0,7.8631066E7
2.0,12.0,-3.0,35.0,1025.0,11.0,10.8,0.0,6.871135E7
8.0,6.0,0.0,66.0,1030.0,17.0,0.0,0.0,6.7261634E7
15.0,10.0,6.0,76.0,1016.0,6.0,7.2,0.0,8.0026728E7
3.0,9.0,1.0,58.0,1022.0,4.0,10.8,0.0,7.0521134E7
15.0,11.0,9.0,88.0,1019.0,10.0,18.0,1.0,6.8740958E7
1.0,3.0,-10.0,38.0,1027.0,17.0,0.0,0.0,9.4949994E7
5.0,5.0,-1.0,65.0,1023.0,4.0,7.2,6.0,7.7680562E7
12.0,4.0,-1.0,70.0,1030.0,9.0,3.6,6.0,7.3170708E7
12.0,3.0,-2.0,70.0,1026.0,15.0,3.6,6.0,8.7178712E7
11.0,4.0,3.0,93.0,1032.0,4.0,7.2,1.0,7.5845326E7
6.0,-1.0,-6.0,69.0,1023.0,13.0,3.6,6.0,7.3167518E7
1.0,-1.0,-4.0,80.0,1022.0,7.0,3.6,11.0,9.0387406E7
3.0,-1.0,-5.0,75.0,1027.0,14.0,3.6,1.0,7.6958968E7
15.0,-4.0,-11.0,59.0,1034.0,17.0,0.0,6.0,7.3120372E7
10.0,-4.0,-15.0,43.0,1035.0,5.0,32.4,0.0,8.7000158E7
15.0,-8.0,-22.0,32.0,1038.0,6.0,28.8,0.0,7.3723296E7
14.0,-5.0,-15.0,46.0,1035.0,3.0,3.6,6.0,6.9161632E7
3.0,-9.0,-19.0,45.0,1030.0,9.0,3.6,0.0,8.7357176E7
16.0,-1.0,-18.0,27.0,1029.0,5.0,14.4,0.0,7.4203108E7
11.0,-3.0,-16.0,37.0,1028.0,4.0,14.4,0.0,7.204175E7
1.0,-4.0,-8.0,74.0,1023.0,10.0,3.6,0.0,8.656085E7
5.0,-5.0,-8.0,80.0,1017.0,4.0,7.2,2.0,7.3524782E7
5.0,-4.0,-26.0,17.0,1029.0,6.0,46.8,0.0,7.040045E7
15.0,-4.0,-6.0,86.0,1032.0,4.0,3.6,4.0,8.5896264E7
6.0,-3.0,-3.0,100.0,1033.0,6.0,7.2,4.0,7.0853674E7
5.0,-2.0,-16.0,34.0,1021.0,4.0,18.0,0.0,7.1772338E7
4.0,2.0,-13.0,33.0,1028.0,9.0,3.6,0.0,8.7869528E7
13.0,0.0,-13.0,38.0,1033.0,4.0,18.0,0.0,7.2808046E7
7.0,-1.0,-10.0,51.0,1025.0,3.0,7.2,0.0,7.2124158E7
10.0,6.0,-16.0,19.0,1020.0,16.0,7.2,0.0,8.3942448E7
5.0,4.0,-15.0,24.0,1031.0,5.0,28.8,0.0,7.8215814E7
3.0,11.0,-13.0,18.0,1018.0,6.0,25.2,0.0,7.5420852E7
9.0,12.0,5.0,62.0,1010.0,17.0,0.0,6.0,9.262515E7
15.0,10.0,-4.0,37.0,1021.0,2.0,10.8,0.0,7.6548738E7
16.0,16.0,12.0,77.0,1000.0,7.0,3.6,6.0,7.675421E7
13.0,12.0,-2.0,38.0,1020.0,1.0,7.2,0.0,8.9311042E7
15.0,11.0,-11.0,21.0,1023.0,12.0,10.8,0.0,7.9192448E7
9.0,13.0,-13.0,15.0,1014.0,4.0,10.8,21.0,7.0627418E7
5.0,15.0,-5.0,25.0,1014.0,4.0,3.6,0.0,9.1639786E7
2.0,17.0,2.0,37.0,1006.0,2.0,14.4,0.0,8.0188244E7
13.0,21.0,10.0,49.0,1007.0,3.0,14.4,0.0,6.8676002E7
1.0,16.0,0.0,34.0,1008.0,17.0,0.0,0.0,9.0275684E7
14.0,18.0,9.0,56.0,1011.0,3.0,10.8,0.0,8.185443E7
9.0,15.0,8.0,63.0,1012.0,5.0,7.2,0.0,7.6174508E7
10.0,19.0,2.0,32.0,1012.0,4.0,7.2,0.0,9.3045298E7
13.0,21.0,2.0,28.0,1013.0,2.0,14.4,0.0,8.0020874E7
7.0,18.0,17.0,94.0,998.0,5.0,3.6,0.0,7.8069394E7
8.0,16.0,16.0,100.0,1011.0,6.0,10.8,0.0,9.1725346E7
5.0,20.0,19.0,94.0,1005.0,0.0,7.2,2.0,7.8834656E7
13.0,22.0,17.0,73.0,1003.0,7.0,3.6,0.0,7.6931454E7
4.0,25.0,21.0,78.0,998.0,6.0,7.2,13.0,9.302949E7
11.0,31.0,22.0,58.0,1002.0,7.0,7.2,12.0,7.9624618E7
9.0,23.0,23.0,100.0,1001.0,1.0,10.8,14.0,7.7117314E7
13.0,28.0,23.0,74.0,997.0,10.0,7.2,0.0,8.940686E7
11.0,28.0,22.0,70.0,1003.0,15.0,10.8,13.0,7.8597462E7
16.0,26.0,23.0,83.0,1006.0,2.0,10.8,0.0,7.7732422E7
12.0,26.0,26.0,100.0,1011.0,9.0,3.6,1.0,9.0397368E7
3.0,29.0,24.0,74.0,1008.0,4.0,14.4,12.0,7.894152E7
12.0,27.0,25.0,89.0,1002.0,2.0,10.8,2.0,7.7364602E7
7.0,25.0,24.0,94.0,1001.0,15.0,3.6,2.0,9.0904986E7
3.0,25.0,24.0,94.0,1008.0,14.0,7.2,11.0,8.2913536E7
10.0,22.0,22.0,100.0,1001.0,4.0,7.2,13.0,8.2564864E7
3.0,28.0,28.0,100.0,1006.0,2.0,7.2,2.0,9.2955416E7
4.0,21.0,19.0,88.0,1015.0,8.0,3.6,0.0,8.5977004E7
1.0,24.0,20.0,78.0,1014.0,2.0,7.2,1.0,8.2354218E7
3.0,26.0,24.0,89.0,1010.0,1.0,10.8,2.0,9.8607066E7
12.0,22.0,14.0,60.0,1019.0,4.0,18.0,0.0,8.5261292E7
9.0,19.0,15.0,78.0,1012.0,4.0,10.8,0.0,8.7523934E7
13.0,25.0,21.0,78.0,1014.0,3.0,7.2,9.0,9.9286104E7
6.0,17.0,17.0,100.0,1013.0,15.0,10.8,3.0,8.4723006E7
9.0,19.0,16.0,83.0,1020.0,1.0,7.2,1.0,8.0799964E7
16.0,20.0,19.0,94.0,1017.0,7.0,7.2,0.0,9.6648022E7
6.0,18.0,18.0,100.0,1013.0,10.0,3.6,1.0,8.3220546E7
10.0,16.0,7.0,55.0,1018.0,1.0,10.8,0.0,8.2761716E7
16.0,15.0,10.0,72.0,1021.0,15.0,7.2,0.0,1.0000593E8
14.0,11.0,-4.0,35.0,1025.0,4.0,10.8,0.0,8.5309164E7
9.0,11.0,5.0,67.0,1028.0,2.0,10.8,0.0,8.658031E7
11.0,10.0,6.0,76.0,1016.0,4.0,7.2,9.0,1.00141228E8
9.0,12.0,-5.0,30.0,1026.0,6.0,36.0,0.0,8.9725146E7
15.0,9.0,6.0,82.0,1017.0,13.0,3.6,0.0,9.0364038E7
16.0,8.0,-6.0,37.0,1013.0,7.0,14.4,0.0,1.07409392E8
15.0,8.0,-5.0,40.0,1017.0,4.0,10.8,0.0,9.4130152E7
1.0,2.0,-8.0,48.0,1029.0,9.0,3.6,0.0,9.6024468E7
13.0,7.0,-13.0,23.0,1030.0,6.0,18.0,0.0,1.1092204E8
13.0,8.0,-8.0,32.0,1018.0,5.0,10.8,0.0,9.9148234E7
7.0,4.0,-10.0,36.0,1015.0,1.0,7.2,0.0,9.7816778E7
5.0,-7.0,-22.0,30.0,1035.0,6.0,32.4,0.0,1.07920884E8
9.0,-6.0,-15.0,50.0,1029.0,4.0,3.6,6.0,9.3615492E7
2.0,-4.0,-22.0,24.0,1033.0,6.0,28.8,0.0,9.1683E7
13.0,-4.0,-18.0,34.0,1027.0,9.0,7.2,6.0,1.07658676E8
2.0,-2.0,-13.0,43.0,1014.0,10.0,7.2,6.0,9.4339478E7
3.0,-3.0,-18.0,31.0,1033.0,9.0,7.2,12.0,9.454381E7
3.0,0.0,-10.0,48.0,1025.0,5.0,3.6,0.0,1.08083372E8
12.0,-5.0,-25.0,20.0,1035.0,5.0,18.0,0.0,9.7626902E7
11.0,-3.0,-7.0,74.0,1029.0,7.0,10.8,12.0,9.5099522E7
7.0,-2.0,-6.0,74.0,1022.0,9.0,3.6,6.0,1.11611858E8
6.0,-3.0,-7.0,74.0,1033.0,3.0,3.6,6.0,9.1943224E7
11.0,-5.0,-9.0,74.0,1032.0,10.0,10.8,6.0,8.9227522E7
11.0,-3.0,-13.0,47.0,1026.0,7.0,7.2,6.0,8.497725E7
3.0,-4.0,-16.0,40.0,1021.0,0.0,7.2,0.0,8.835536E7
2.0,1.0,-4.0,70.0,1023.0,15.0,10.8,12.0,8.9616926E7
7.0,5.0,-15.0,23.0,1018.0,3.0,10.8,0.0,1.05480332E8
9.0,-1.0,-7.0,64.0,1031.0,3.0,14.4,0.0,9.4454936E7
8.0,-4.0,-5.0,93.0,1027.0,4.0,7.2,2.0,9.4622606E7
5.0,5.0,-4.0,53.0,1025.0,3.0,7.2,0.0,1.1424216E8
15.0,5.0,-3.0,57.0,1012.0,4.0,3.6,6.0,1.05074006E8
8.0,12.0,-11.0,19.0,1015.0,0.0,14.4,0.0,1.01076256E8
14.0,11.0,-5.0,33.0,1014.0,15.0,10.8,0.0,1.24118424E8
6.0,8.0,-7.0,34.0,1014.0,2.0,10.8,0.0,1.11163226E8
13.0,9.0,-12.0,22.0,1012.0,3.0,10.8,0.0,1.07522946E8
14.0,15.0,4.0,48.0,1005.0,4.0,7.2,6.0,1.24438394E8
3.0,5.0,3.0,87.0,1010.0,8.0,10.8,2.0,1.06258396E8
4.0,5.0,-3.0,57.0,1025.0,4.0,39.6,10.0,1.05725214E8
3.0,10.0,1.0,54.0,1009.0,15.0,14.4,0.0,1.2563731E8
4.0,14.0,-1.0,36.0,1013.0,3.0,7.2,0.0,1.09852122E8
3.0,14.0,7.0,63.0,1008.0,7.0,10.8,6.0,1.09048914E8
3.0,19.0,2.0,32.0,1005.0,3.0,3.6,0.0,1.23714924E8
16.0,17.0,16.0,94.0,1008.0,9.0,3.6,2.0,9.7800512E7
2.0,16.0,15.0,94.0,1017.0,16.0,14.4,2.0,1.0067624E8
11.0,25.0,3.0,24.0,1008.0,0.0,18.0,0.0,1.1989511E8
8.0,24.0,15.0,57.0,1004.0,4.0,10.8,6.0,9.9929702E7
11.0,20.0,8.0,46.0,1010.0,2.0,7.2,0.0,1.00396304E8
11.0,23.0,9.0,41.0,1004.0,0.0,10.8,0.0,1.19567188E8
8.0,25.0,18.0,65.0,1009.0,7.0,14.4,12.0,1.01449632E8
13.0,26.0,18.0,61.0,1001.0,5.0,10.8,15.0,1.0517933E8
13.0,29.0,12.0,35.0,1002.0,0.0,21.6,14.0,1.1930472E8
8.0,27.0,11.0,37.0,998.0,2.0,3.6,0.0,1.03486846E8
1.0,26.0,18.0,61.0,1009.0,12.0,10.8,0.0,9.806961E7
12.0,24.0,23.0,94.0,1004.0,3.0,10.8,1.0,1.13616244E8
11.0,20.0,20.0,100.0,1001.0,10.0,3.6,14.0,9.8135212E7
9.0,28.0,24.0,79.0,1000.0,7.0,18.0,0.0,9.556681E7
8.0,25.0,25.0,100.0,1003.0,7.0,18.0,13.0,1.13367343E8
4.0,27.0,25.0,89.0,1004.0,7.0,3.6,12.0,9.4879564E7
10.0,22.0,21.0,94.0,1007.0,11.0,3.6,1.0,9.4698606E7
8.0,21.0,20.0,94.0,1005.0,10.0,10.8,11.0,1.13841824E8
5.0,24.0,22.0,89.0,1007.0,15.0,7.2,2.0,1.00404616E8
1.0,21.0,21.0,100.0,1006.0,16.0,3.6,13.0,9.459113E7
7.0,28.0,26.0,89.0,1006.0,3.0,7.2,0.0,1.1730811E8
5.0,25.0,25.0,100.0,1007.0,4.0,3.6,14.0,1.0306955E8
16.0,25.0,23.0,89.0,1005.0,1.0,7.2,0.0,1.0200835E8
12.0,24.0,18.0,69.0,1013.0,10.0,10.8,0.0,1.21243358E8
5.0,26.0,23.0,83.0,1012.0,3.0,7.2,0.0,1.04632276E8
16.0,24.0,20.0,78.0,1013.0,2.0,3.6,0.0,1.0364253E8
6.0,21.0,11.0,53.0,1014.0,5.0,21.6,0.0,1.21181078E8
1.0,20.0,15.0,73.0,1012.0,7.0,21.6,8.0,1.07101384E8
7.0,20.0,13.0,64.0,1022.0,4.0,7.2,0.0,1.04721686E8
13.0,23.0,18.0,73.0,1014.0,7.0,7.2,9.0,1.2611915E8
15.0,22.0,14.0,60.0,1020.0,13.0,3.6,0.0,1.08913454E8
2.0,19.0,11.0,60.0,1017.0,2.0,7.2,0.0,1.07572058E8
15.0,20.0,16.0,78.0,1015.0,17.0,0.0,0.0,1.24883314E8
9.0,19.0,18.0,94.0,1014.0,3.0,3.6,0.0,1.02567054E8
2.0,18.0,13.0,73.0,1019.0,4.0,10.8,0.0,1.0425363E8
6.0,15.0,13.0,88.0,1016.0,2.0,3.6,2.0,1.2156319E8
6.0,15.0,9.0,67.0,1026.0,7.0,3.6,0.0,1.09186124E8
6.0,10.0,6.0,76.0,1027.0,5.0,3.6,3.0,1.0854142E8
1.0,12.0,8.0,77.0,1022.0,4.0,3.6,2.0,1.32007038E8
12.0,12.0,8.0,77.0,1014.0,13.0,3.6,0.0,1.14763814E8
1.0,8.0,-1.0,53.0,1010.0,14.0,7.2,6.0,1.0925201E8
3.0,6.0,1.0,70.0,1014.0,4.0,10.8,6.0,1.32260424E8
4.0,7.0,2.0,71.0,1024.0,7.0,10.8,13.0,1.17256018E8
9.0,6.0,3.0,81.0,1026.0,7.0,21.6,0.0,1.14978368E8
5.0,5.0,-9.0,36.0,1027.0,8.0,21.6,0.0,1.31547148E8
11.0,1.0,-9.0,48.0,1023.0,17.0,0.0,6.0,1.13085938E8
8.0,0.0,-5.0,69.0,1033.0,1.0,7.2,13.0,1.12319084E8
7.0,-4.0,-7.0,80.0,1025.0,2.0,3.6,6.0,1.32458778E8
1.0,-2.0,-9.0,59.0,1020.0,4.0,7.2,6.0,1.16514674E8
15.0,-1.0,-11.0,47.0,1034.0,2.0,7.2,6.0,1.15306168E8
8.0,-3.0,-6.0,80.0,1023.0,17.0,0.0,6.0,1.38410226E8
10.0,-6.0,-21.0,30.0,1036.0,8.0,3.6,0.0,1.16654792E8
14.0,-6.0,-8.0,86.0,1034.0,8.0,7.2,0.0,1.07551896E8
15.0,-1.0,-17.0,29.0,1032.0,6.0,25.2,0.0,1.29783464E8
12.0,-4.0,-19.0,31.0,1037.0,4.0,10.8,0.0,1.13427606E8
14.0,1.0,-12.0,38.0,1027.0,11.0,14.4,0.0,1.11917406E8
15.0,-2.0,-17.0,31.0,1036.0,9.0,7.2,0.0,1.32693662E8
16.0,0.0,-11.0,44.0,1028.0,6.0,18.0,0.0,1.15841486E8
5.0,-2.0,-21.0,23.0,1026.0,4.0,10.8,12.0,1.15053692E8
15.0,1.0,-11.0,41.0,1017.0,15.0,3.6,6.0,1.39341652E8
14.0,5.0,-9.0,36.0,1023.0,16.0,10.8,0.0,1.1401286E8
14.0,0.0,-18.0,25.0,1027.0,6.0,36.0,0.0,1.15956594E8
13.0,5.0,3.0,87.0,1020.0,4.0,7.2,1.0,1.1375643E8
2.0,6.0,4.0,87.0,1023.0,4.0,3.6,1.0,1.12284838E8
3.0,0.0,-12.0,41.0,1026.0,16.0,10.8,0.0,1.04560512E8
11.0,5.0,-13.0,26.0,1023.0,16.0,7.2,0.0,1.28748636E8
10.0,6.0,-3.0,53.0,1028.0,3.0,10.8,0.0,1.13666804E8
1.0,5.0,4.0,93.0,1021.0,3.0,7.2,1.0,1.17363182E8
9.0,9.0,-6.0,34.0,1011.0,7.0,14.4,0.0,1.34912082E8
6.0,8.0,6.0,87.0,1014.0,1.0,14.4,2.0,1.14653702E8
16.0,13.0,-13.0,15.0,1021.0,10.0,10.8,0.0,1.16812284E8
1.0,15.0,-6.0,23.0,1018.0,0.0,14.4,0.0,1.4301106E8
12.0,11.0,4.0,62.0,1016.0,8.0,10.8,0.0,1.21205882E8
5.0,17.0,-4.0,24.0,1009.0,0.0,18.0,0.0,1.22386058E8
10.0,16.0,1.0,36.0,1019.0,15.0,7.2,0.0,1.36615924E8
6.0,14.0,3.0,48.0,1024.0,2.0,10.8,0.0,1.19916622E8
2.0,21.0,4.0,33.0,1008.0,2.0,7.2,0.0,1.0903273E8
13.0,26.0,3.0,23.0,1003.0,0.0,21.6,0.0,1.2836472E8
11.0,21.0,11.0,53.0,1011.0,7.0,14.4,0.0,1.0917519E8
2.0,19.0,13.0,68.0,1001.0,1.0,7.2,0.0,1.09364728E8
9.0,20.0,10.0,52.0,1008.0,10.0,7.2,0.0,1.2519354E8
14.0,22.0,7.0,38.0,1001.0,1.0,3.6,0.0,1.07668468E8
5.0,25.0,11.0,41.0,1009.0,1.0,10.8,0.0,1.07509478E8
12.0,23.0,21.0,88.0,1010.0,6.0,14.4,1.0,1.2444521E8
7.0,27.0,22.0,74.0,1008.0,7.0,14.4,9.0,1.06720024E8
11.0,26.0,20.0,69.0,1009.0,7.0,7.2,14.0,1.06213796E8
12.0,27.0,19.0,61.0,1009.0,3.0,18.0,6.0,1.37143568E8
9.0,27.0,17.0,54.0,1007.0,1.0,10.8,0.0,1.16647272E8
2.0,29.0,23.0,70.0,1001.0,1.0,10.8,12.0,1.09359702E8
3.0,26.0,22.0,78.0,1004.0,2.0,7.2,0.0,1.25477334E8
2.0,30.0,24.0,70.0,1001.0,7.0,10.8,9.0,1.07569632E8
14.0,26.0,21.0,74.0,998.0,3.0,25.2,8.0,1.03249956E8
13.0,24.0,22.0,89.0,1001.0,15.0,7.2,2.0,1.20651274E8
5.0,25.0,20.0,74.0,1006.0,1.0,10.8,0.0,1.00264804E8
12.0,27.0,20.0,65.0,1008.0,1.0,3.6,12.0,1.01375038E8
9.0,27.0,26.0,94.0,1010.0,1.0,3.6,2.0,1.1564801E8
3.0,24.0,21.0,83.0,1008.0,0.0,7.2,12.0,9.9074148E7
7.0,22.0,21.0,94.0,1001.0,4.0,10.8,0.0,9.864043E7
2.0,25.0,20.0,74.0,999.0,16.0,14.4,0.0,1.15267274E8
7.0,24.0,23.0,94.0,1013.0,2.0,10.8,2.0,1.0132265E8
11.0,28.0,21.0,66.0,1010.0,15.0,7.2,0.0,9.982809E7
5.0,21.0,20.0,94.0,1017.0,4.0,7.2,0.0,1.15727006E8
14.0,25.0,21.0,78.0,1011.0,7.0,10.8,12.0,1.03261246E8
1.0,23.0,18.0,73.0,1014.0,2.0,7.2,0.0,1.0284492E8
14.0,25.0,19.0,69.0,1010.0,3.0,3.6,12.0,1.3427336E8
10.0,20.0,20.0,100.0,1014.0,8.0,3.6,2.0,1.18762906E8
4.0,17.0,13.0,77.0,1014.0,4.0,14.4,0.0,1.17653172E8
11.0,21.0,15.0,68.0,1018.0,1.0,3.6,0.0,1.36651412E8
10.0,19.0,10.0,56.0,1018.0,5.0,3.6,0.0,1.24724404E8
2.0,18.0,16.0,88.0,1018.0,1.0,10.8,12.0,1.08125704E8
1.0,11.0,2.0,54.0,1026.0,4.0,7.2,0.0,1.32239116E8
12.0,13.0,12.0,94.0,1026.0,7.0,7.2,2.0,1.24850416E8
6.0,13.0,11.0,88.0,1024.0,7.0,14.4,2.0,1.25337786E8
2.0,12.0,8.0,77.0,1015.0,4.0,3.6,0.0,1.4986473E8
1.0,11.0,10.0,94.0,1022.0,2.0,7.2,0.0,1.37439952E8
11.0,6.0,5.0,93.0,1023.0,4.0,10.8,2.0,1.3170611E8
8.0,8.0,4.0,76.0,1028.0,13.0,3.6,0.0,1.52215698E8
5.0,5.0,3.0,87.0,1027.0,13.0,3.6,0.0,1.39489488E8
10.0,7.0,0.0,61.0,1023.0,7.0,7.2,1.0,1.45163392E8
16.0,2.0,-11.0,38.0,1029.0,2.0,7.2,0.0,1.59526566E8
3.0,5.0,2.0,81.0,1025.0,8.0,3.6,10.0,1.48358822E8
6.0,0.0,-6.0,64.0,1022.0,15.0,3.6,0.0,1.4736227E8
8.0,0.0,-6.0,64.0,1023.0,1.0,3.6,0.0,1.66050194E8
4.0,1.0,-14.0,32.0,1028.0,10.0,28.8,0.0,1.52332662E8
11.0,-3.0,-9.0,64.0,1027.0,4.0,14.4,0.0,1.5668319E8
4.0,-2.0,-9.0,59.0,1027.0,13.0,3.6,0.0,1.79005766E8
3.0,-1.0,-3.0,86.0,1029.0,13.0,3.6,0.0,1.49288714E8
2.0,-4.0,-6.0,86.0,1030.0,4.0,3.6,6.0,1.53939934E8
15.0,-1.0,-19.0,25.0,1028.0,4.0,18.0,0.0,1.69633854E8
9.0,-2.0,-16.0,34.0,1028.0,10.0,7.2,0.0,1.53610222E8
8.0,-3.0,-14.0,43.0,1020.0,7.0,3.6,0.0,1.54299042E8
14.0,-6.0,-19.0,36.0,1040.0,2.0,7.2,0.0,1.65907668E8
7.0,-6.0,-9.0,80.0,1037.0,6.0,7.2,4.0,1.506612E8
9.0,-7.0,-23.0,28.0,1035.0,10.0,25.2,0.0,1.46738458E8
13.0,-5.0,-15.0,46.0,1027.0,8.0,7.2,12.0,1.54610224E8
14.0,-3.0,-18.0,31.0,1032.0,4.0,14.4,0.0,1.35835312E8
13.0,-4.0,-20.0,28.0,1032.0,10.0,28.8,0.0,1.4056837E8
13.0,-2.0,-8.0,64.0,1038.0,3.0,10.8,0.0,1.57186176E8
3.0,1.0,-8.0,52.0,1016.0,4.0,7.2,6.0,1.46348748E8
5.0,7.0,-17.0,17.0,1024.0,6.0,14.4,0.0,1.4486301E8
13.0,5.0,-11.0,31.0,1024.0,6.0,21.6,0.0,1.70256022E8
3.0,6.0,-8.0,36.0,1030.0,13.0,3.6,0.0,1.52462456E8
10.0,8.0,-7.0,34.0,1018.0,2.0,10.8,0.0,1.6051862E8
11.0,9.0,-5.0,37.0,1014.0,7.0,10.8,0.0,1.79312028E8
13.0,9.0,-6.0,34.0,1019.0,3.0,14.4,0.0,1.60439648E8
9.0,8.0,-13.0,22.0,1013.0,4.0,10.8,0.0,1.59514754E8
16.0,11.0,-6.0,30.0,1022.0,10.0,21.6,0.0,1.75839426E8
13.0,16.0,-5.0,23.0,1011.0,12.0,18.0,0.0,1.56472902E8
9.0,14.0,9.0,72.0,1012.0,10.0,25.2,12.0,1.47866454E8
1.0,21.0,0.0,25.0,1011.0,0.0,25.2,0.0,1.72844294E8
9.0,21.0,7.0,40.0,1013.0,3.0,7.2,12.0,1.54045626E8
15.0,9.0,-7.0,32.0,1023.0,6.0,36.0,0.0,1.54575398E8
1.0,14.0,0.0,38.0,1013.0,3.0,7.2,0.0,1.77125564E8
3.0,19.0,14.0,73.0,1002.0,3.0,18.0,9.0,1.43428932E8
10.0,21.0,3.0,31.0,1006.0,7.0,14.4,12.0,1.50880684E8
7.0,9.0,8.0,93.0,1017.0,4.0,10.8,3.0,1.66384318E8
7.0,18.0,14.0,77.0,1011.0,15.0,3.6,12.0,1.4371152E8
11.0,22.0,-8.0,13.0,1001.0,16.0,10.8,0.0,1.3309302E8
3.0,26.0,17.0,57.0,1004.0,3.0,18.0,0.0,1.52605692E8
15.0,20.0,-13.0,10.0,1009.0,5.0,25.2,0.0,1.3771971E8
12.0,18.0,12.0,68.0,1012.0,6.0,10.8,0.0,1.42377766E8
8.0,22.0,17.0,73.0,1010.0,3.0,14.4,0.0,1.57257472E8
7.0,25.0,13.0,47.0,1006.0,2.0,14.4,0.0,1.4606451E8
13.0,19.0,16.0,83.0,1009.0,3.0,14.4,12.0,1.4385367E8
9.0,25.0,17.0,61.0,999.0,10.0,28.8,15.0,1.61487324E8
9.0,21.0,20.0,94.0,1006.0,13.0,3.6,1.0,1.44760564E8
11.0,22.0,21.0,94.0,1003.0,4.0,7.2,1.0,1.49452982E8
1.0,27.0,19.0,61.0,1003.0,1.0,10.8,0.0,1.63038372E8
14.0,26.0,24.0,89.0,1003.0,3.0,7.2,2.0,1.47833964E8
9.0,25.0,22.0,83.0,1001.0,1.0,10.8,12.0,1.45747052E8
16.0,25.0,21.0,78.0,1003.0,1.0,14.4,0.0,1.64902436E8
12.0,27.0,24.0,84.0,1004.0,3.0,7.2,0.0,1.4921868E8
5.0,23.0,21.0,88.0,1011.0,3.0,3.6,0.0,1.45378764E8
1.0,29.0,23.0,70.0,1004.0,2.0,10.8,0.0,1.6161227E8
5.0,28.0,25.0,84.0,1007.0,13.0,3.6,2.0,1.47648912E8
14.0,25.0,23.0,89.0,1009.0,0.0,7.2,2.0,1.38848472E8
14.0,19.0,18.0,94.0,1007.0,14.0,7.2,13.0,1.55836508E8
1.0,20.0,18.0,88.0,1004.0,1.0,7.2,14.0,1.41788216E8
14.0,22.0,21.0,94.0,1010.0,13.0,3.6,13.0,1.43116762E8
5.0,18.0,16.0,88.0,1011.0,13.0,3.6,0.0,1.63061174E8
1.0,21.0,17.0,78.0,1008.0,7.0,7.2,0.0,1.46186834E8
15.0,19.0,18.0,94.0,1013.0,12.0,10.8,3.0,1.45583846E8
12.0,18.0,16.0,88.0,1014.0,8.0,7.2,15.0,1.61811898E8
2.0,21.0,19.0,88.0,1013.0,13.0,3.6,0.0,1.5016297E8
6.0,15.0,13.0,88.0,1022.0,17.0,0.0,3.0,1.47917738E8
14.0,12.0,10.0,88.0,1020.0,3.0,7.2,0.0,1.64160014E8
14.0,17.0,15.0,88.0,1013.0,15.0,3.6,0.0,1.3195938E8
1.0,14.0,11.0,82.0,1016.0,2.0,10.8,3.0,1.5177138E8
2.0,12.0,10.0,88.0,1015.0,13.0,3.6,12.0,1.77325446E8
15.0,14.0,10.0,77.0,1021.0,13.0,3.6,0.0,1.8341919E8
3.0,16.0,15.0,94.0,1016.0,17.0,0.0,2.0,1.8220287E8
13.0,13.0,-8.0,23.0,1023.0,4.0,32.4,0.0,1.98648614E8
5.0,8.0,4.0,76.0,1019.0,3.0,7.2,2.0,1.81169198E8
6.0,6.0,1.0,70.0,1017.0,4.0,7.2,0.0,1.81993644E8
8.0,3.0,-2.0,70.0,1032.0,15.0,3.6,0.0,1.96454404E8
2.0,8.0,-10.0,27.0,1024.0,6.0,14.4,0.0,1.84911938E8
2.0,-2.0,-17.0,31.0,1033.0,4.0,25.2,0.0,1.75281498E8
4.0,4.0,-4.0,56.0,1027.0,17.0,0.0,0.0,1.97283238E8
14.0,4.0,-13.0,28.0,1023.0,12.0,10.8,0.0,1.82798276E8
15.0,0.0,-3.0,80.0,1015.0,17.0,0.0,0.0,1.81220636E8
15.0,-2.0,-10.0,55.0,1018.0,15.0,7.2,6.0,1.94035022E8
10.0,-4.0,-5.0,93.0,1020.0,4.0,7.2,0.0,1.86410548E8
9.0,5.0,-6.0,45.0,1018.0,5.0,25.2,0.0,1.84713626E8
2.0,-11.0,-29.0,22.0,1044.0,10.0,28.8,0.0,1.9970167E8
8.0,-3.0,-17.0,34.0,1033.0,8.0,3.6,0.0,1.85010624E8
8.0,-3.0,-18.0,31.0,1035.0,10.0,25.2,0.0,1.87460204E8
14.0,-7.0,-15.0,54.0,1033.0,4.0,7.2,0.0,2.14099642E8
3.0,-6.0,-22.0,28.0,1038.0,6.0,32.4,0.0,1.96964008E8
2.0,-6.0,-22.0,28.0,1039.0,4.0,14.4,0.0,1.8473132E8
2.0,2.0,-15.0,28.0,1022.0,10.0,10.8,0.0,2.0710337E8
2.0,-11.0,-32.0,17.0,1035.0,10.0,36.0,0.0,1.8970367E8
1.0,-4.0,-11.0,59.0,1023.0,3.0,10.8,0.0,1.75832284E8
2.0,-2.0,-9.0,59.0,1021.0,2.0,3.6,0.0,2.09566064E8
3.0,3.0,3.0,100.0,1000.0,4.0,7.2,3.0,1.93953514E8
15.0,-3.0,-4.0,93.0,1030.0,7.0,10.8,4.0,1.94471112E8
13.0,-2.0,-6.0,74.0,1022.0,2.0,14.4,0.0,2.3185488E8
8.0,1.0,-7.0,56.0,1025.0,13.0,3.6,12.0,2.12225776E8
12.0,1.0,-4.0,70.0,1019.0,1.0,7.2,9.0,2.08357346E8
16.0,9.0,-8.0,30.0,1015.0,4.0,18.0,0.0,2.3233857E8
10.0,4.0,-15.0,24.0,1029.0,10.0,32.4,0.0,2.12975332E8
7.0,12.0,3.0,54.0,999.0,14.0,3.6,9.0,2.18775106E8
6.0,8.0,-17.0,16.0,1022.0,12.0,18.0,0.0,2.3146525E8
7.0,7.0,-8.0,34.0,1021.0,7.0,10.8,0.0,2.14772934E8
7.0,6.0,-11.0,29.0,1030.0,10.0,21.6,0.0,2.15060184E8
5.0,16.0,-11.0,15.0,1017.0,6.0,7.2,0.0,2.29578934E8
12.0,19.0,1.0,30.0,1017.0,1.0,10.8,0.0,2.12931272E8
11.0,17.0,11.0,68.0,1003.0,1.0,7.2,12.0,2.07877744E8
1.0,13.0,10.0,82.0,1009.0,0.0,7.2,1.0,2.2985125E8
9.0,9.0,8.0,93.0,1012.0,7.0,25.2,14.0,2.12241096E8
1.0,16.0,2.0,39.0,1021.0,2.0,10.8,0.0,2.10372082E8
4.0,19.0,6.0,43.0,1012.0,3.0,7.2,0.0,2.23078776E8
8.0,23.0,15.0,61.0,1006.0,3.0,7.2,0.0,2.15699408E8
11.0,23.0,6.0,33.0,1016.0,12.0,21.6,0.0,2.12918588E8
8.0,24.0,8.0,36.0,1005.0,12.0,25.2,0.0,2.32354314E8
9.0,16.0,13.0,82.0,1012.0,10.0,14.4,14.0,2.11477696E8
4.0,24.0,15.0,57.0,1013.0,3.0,10.8,0.0,2.14031372E8
10.0,27.0,2.0,20.0,998.0,12.0,14.4,0.0,2.39346092E8
15.0,26.0,7.0,30.0,998.0,4.0,7.2,0.0,2.26247318E8
4.0,22.0,12.0,53.0,1003.0,4.0,14.4,0.0,2.18893E8
5.0,24.0,12.0,47.0,1008.0,13.0,7.2,0.0,2.41709362E8
10.0,23.0,22.0,94.0,1000.0,3.0,10.8,14.0,2.19945468E8
4.0,30.0,10.0,29.0,999.0,12.0,14.4,0.0,2.11601456E8
13.0,27.0,13.0,42.0,997.0,3.0,10.8,0.0,2.23339E8
6.0,29.0,16.0,45.0,1004.0,1.0,14.4,0.0,2.02715574E8
13.0,27.0,22.0,74.0,1003.0,3.0,7.2,12.0,1.96218272E8
6.0,26.0,22.0,78.0,1002.0,13.0,3.6,15.0,2.20533638E8
2.0,24.0,19.0,73.0,1001.0,1.0,14.4,0.0,2.00877058E8
13.0,28.0,20.0,62.0,1002.0,2.0,10.8,0.0,1.98945272E8
11.0,25.0,21.0,78.0,1005.0,2.0,7.2,12.0,2.22559596E8
2.0,24.0,22.0,89.0,1008.0,13.0,3.6,10.0,2.04688536E8
14.0,24.0,21.0,83.0,1008.0,13.0,3.6,12.0,2.0672859E8
8.0,23.0,21.0,88.0,1006.0,4.0,10.8,0.0,2.33413914E8
14.0,26.0,23.0,83.0,1004.0,7.0,7.2,0.0,2.07069924E8
3.0,24.0,21.0,83.0,1009.0,1.0,3.6,2.0,2.09639476E8
2.0,24.0,20.0,78.0,1012.0,7.0,14.4,12.0,2.34823318E8
11.0,20.0,17.0,83.0,1008.0,8.0,7.2,0.0,2.13445814E8
10.0,21.0,17.0,78.0,1015.0,13.0,3.6,12.0,2.1120799E8
16.0,15.0,13.0,88.0,1016.0,5.0,7.2,3.0,2.33718766E8
4.0,20.0,10.0,52.0,1010.0,1.0,10.8,0.0,2.18443162E8
2.0,20.0,12.0,60.0,1012.0,3.0,10.8,0.0,2.15736244E8
14.0,17.0,9.0,59.0,1014.0,16.0,10.8,0.0,2.451581E8
9.0,21.0,17.0,78.0,1015.0,15.0,3.6,2.0,2.27610064E8
11.0,18.0,17.0,94.0,1019.0,13.0,3.6,1.0,2.22577144E8
14.0,12.0,5.0,62.0,1017.0,13.0,3.6,0.0,2.21054568E8
5.0,14.0,8.0,67.0,1019.0,13.0,3.6,12.0,2.1579031E8
16.0,18.0,-5.0,21.0,1020.0,6.0,18.0,0.0,2.2219427E8
1.0,9.0,-12.0,22.0,1012.0,10.0,28.8,0.0,2.66208716E8
10.0,9.0,5.0,76.0,1017.0,13.0,3.6,0.0,2.4956148E8
15.0,9.0,7.0,87.0,1018.0,15.0,3.6,0.0,2.35506694E8
1.0,-2.0,-15.0,37.0,1044.0,6.0,25.2,0.0,2.6106684E8
11.0,4.0,3.0,93.0,1015.0,15.0,3.6,0.0,2.35462772E8
7.0,-1.0,-5.0,75.0,1033.0,13.0,3.6,0.0,2.27359216E8
6.0,-3.0,-18.0,31.0,1038.0,10.0,28.8,0.0,2.46133544E8
1.0,-2.0,-9.0,59.0,1033.0,17.0,0.0,0.0,2.22662662E8
14.0,3.0,-8.0,45.0,1021.0,4.0,7.2,0.0,2.29193984E8
12.0,5.0,-5.0,49.0,1025.0,5.0,7.2,9.0,2.57453092E8
13.0,-1.0,-4.0,80.0,1021.0,15.0,3.6,2.0,2.40043572E8
12.0,-3.0,-8.0,69.0,1027.0,15.0,3.6,9.0,2.3461411E8
15.0,-3.0,-6.0,80.0,1030.0,7.0,7.2,9.0,2.65187498E8
10.0,-7.0,-24.0,25.0,1035.0,10.0,28.8,0.0,2.34965094E8
4.0,-2.0,-14.0,40.0,1021.0,13.0,3.6,0.0,2.40949072E8
5.0,-12.0,-22.0,44.0,1024.0,8.0,3.6,0.0,2.6281473E8
16.0,-9.0,-22.0,35.0,1021.0,15.0,3.6,0.0,2.5055071E8
13.0,-13.0,-22.0,48.0,1034.0,10.0,14.4,0.0,2.3064499E8
7.0,-4.0,-16.0,40.0,1034.0,6.0,32.4,0.0,2.6221389E8
5.0,-6.0,-17.0,42.0,1032.0,8.0,10.8,0.0,2.45619296E8
14.0,0.0,-3.0,80.0,1021.0,6.0,7.2,1.0,2.44041538E8
8.0,-4.0,-25.0,19.0,1030.0,10.0,54.0,0.0,2.68314736E8
10.0,-2.0,-21.0,23.0,1027.0,6.0,14.4,0.0,2.42397004E8
2.0,-5.0,-21.0,28.0,1030.0,4.0,7.2,0.0,2.25210868E8
16.0,-3.0,-5.0,86.0,1022.0,13.0,3.6,2.0,2.54137478E8
2.0,-5.0,-20.0,31.0,1037.0,4.0,10.8,0.0,2.29188092E8
9.0,0.0,-5.0,69.0,1004.0,17.0,0.0,9.0,2.1506627E8
2.0,-2.0,-3.0,93.0,1026.0,13.0,3.6,4.0,2.45991044E8
14.0,2.0,-2.0,75.0,1017.0,4.0,10.8,9.0,2.24928938E8
12.0,-5.0,-13.0,54.0,1029.0,13.0,3.6,0.0,2.20382336E8
12.0,1.0,-1.0,87.0,1019.0,5.0,10.8,11.0,2.56691698E8
5.0,2.0,-2.0,75.0,1012.0,8.0,3.6,10.0,2.39533728E8
8.0,7.0,-6.0,39.0,1020.0,3.0,14.4,0.0,2.36489598E8
12.0,8.0,-8.0,32.0,1025.0,3.0,7.2,0.0,2.52670562E8
8.0,4.0,-11.0,33.0,1019.0,13.0,3.6,0.0,2.29557916E8
1.0,8.0,-8.0,32.0,1025.0,13.0,3.6,0.0,2.2616159E8
11.0,7.0,2.0,71.0,1015.0,10.0,7.2,1.0,2.57165686E8
10.0,5.0,1.0,76.0,1019.0,8.0,3.6,2.0,2.3132316E8
5.0,15.0,-2.0,31.0,1022.0,1.0,18.0,0.0,2.37978418E8
5.0,8.0,6.0,87.0,1017.0,4.0,18.0,0.0,2.57876882E8
2.0,14.0,-4.0,29.0,1017.0,10.0,18.0,0.0,2.2790171E8
11.0,19.0,16.0,83.0,1000.0,3.0,14.4,14.0,2.17484954E8
10.0,15.0,-2.0,31.0,1009.0,13.0,3.6,0.0,2.54114154E8
6.0,18.0,6.0,45.0,1017.0,2.0,10.8,0.0,2.4053255E8
7.0,15.0,7.0,59.0,1001.0,13.0,7.2,0.0,2.43521976E8
12.0,21.0,11.0,53.0,1000.0,7.0,14.4,0.0,2.58079782E8
9.0,18.0,16.0,88.0,1015.0,13.0,3.6,3.0,2.39669684E8
3.0,21.0,16.0,73.0,1014.0,13.0,3.6,1.0,2.3553532E8
11.0,24.0,14.0,53.0,1011.0,3.0,7.2,9.0,2.59371022E8
7.0,19.0,15.0,78.0,1013.0,3.0,7.2,0.0,2.37425002E8
13.0,25.0,21.0,78.0,1001.0,12.0,7.2,13.0,2.15863382E8
7.0,26.0,14.0,47.0,1006.0,2.0,10.8,0.0,2.54342696E8
1.0,25.0,15.0,54.0,1008.0,3.0,7.2,0.0,2.35231488E8
15.0,27.0,21.0,70.0,1003.0,3.0,3.6,9.0,2.36056644E8
15.0,29.0,20.0,58.0,1000.0,15.0,7.2,0.0,2.49655268E8
12.0,29.0,18.0,51.0,1006.0,3.0,10.8,0.0,2.4063556E8
16.0,25.0,21.0,78.0,1011.0,14.0,3.6,2.0,2.41525992E8
2.0,28.0,24.0,79.0,1005.0,7.0,7.2,12.0,2.66766152E8
3.0,28.0,25.0,84.0,1008.0,3.0,10.8,10.0,2.4383821E8
8.0,30.0,23.0,66.0,1002.0,2.0,10.8,0.0,2.43138962E8
12.0,24.0,18.0,69.0,1010.0,2.0,7.2,0.0,2.64168238E8
14.0,25.0,8.0,34.0,1014.0,6.0,18.0,0.0,2.32731512E8
2.0,26.0,23.0,83.0,1006.0,3.0,7.2,2.0,2.35395046E8
10.0,25.0,15.0,54.0,1006.0,13.0,3.6,0.0,2.50015372E8
3.0,24.0,22.0,89.0,1013.0,2.0,7.2,2.0,2.35984E8
7.0,21.0,17.0,78.0,1015.0,13.0,3.6,0.0,2.3540496E8
8.0,24.0,19.0,73.0,1007.0,7.0,7.2,0.0,2.71091664E8
10.0,22.0,20.0,88.0,1015.0,2.0,3.6,2.0,2.43505778E8
2.0,21.0,17.0,78.0,1015.0,13.0,3.6,0.0,2.48944388E8
16.0,23.0,16.0,65.0,1011.0,1.0,7.2,0.0,2.63785876E8
7.0,20.0,18.0,88.0,1011.0,7.0,14.4,3.0,2.40681452E8
1.0,13.0,11.0,88.0,1025.0,9.0,3.6,0.0,2.30609584E8
16.0,15.0,7.0,59.0,1015.0,1.0,7.2,0.0,2.76435492E8
1.0,14.0,13.0,94.0,1019.0,13.0,3.6,0.0,2.49642432E8
7.0,16.0,13.0,82.0,1013.0,15.0,7.2,0.0,2.36885436E8
5.0,16.0,15.0,94.0,1012.0,6.0,25.2,3.0,2.7886397E8
16.0,11.0,0.0,47.0,1021.0,4.0,10.8,0.0,2.60841502E8
6.0,9.0,7.0,87.0,1029.0,2.0,7.2,1.0,2.70548316E8
2.0,6.0,-1.0,61.0,1029.0,10.0,10.8,0.0,3.03307488E8
5.0,8.0,1.0,62.0,1028.0,13.0,3.6,0.0,2.72220524E8
12.0,4.0,-2.0,65.0,1025.0,13.0,3.6,0.0,2.64631266E8
16.0,6.0,-7.0,39.0,1023.0,4.0,10.8,0.0,3.0160673E8
15.0,6.0,-8.0,36.0,1017.0,5.0,7.2,0.0,2.7793107E8
6.0,2.0,-4.0,65.0,1023.0,2.0,3.6,12.0,2.74898772E8
10.0,1.0,-13.0,35.0,1021.0,10.0,10.8,0.0,3.0552537E8
5.0,-2.0,-10.0,55.0,1024.0,8.0,3.6,0.0,2.80036566E8
15.0,2.0,0.0,87.0,1017.0,7.0,7.2,13.0,2.96121968E8
10.0,3.0,-15.0,26.0,1031.0,10.0,28.8,0.0,3.3036477E8
11.0,0.0,-7.0,60.0,1005.0,10.0,7.2,6.0,3.01323048E8
1.0,-8.0,-25.0,25.0,1037.0,10.0,25.2,0.0,3.0007666E8
12.0,6.0,-14.0,23.0,1018.0,0.0,10.8,0.0,3.38741658E8
6.0,-10.0,-25.0,29.0,1039.0,8.0,10.8,0.0,2.87200078E8
1.0,-8.0,-18.0,45.0,1021.0,8.0,7.2,0.0,2.83747722E8
10.0,-6.0,-15.0,50.0,1033.0,13.0,3.6,12.0,2.90720992E8
4.0,-6.0,-19.0,36.0,1038.0,4.0,10.8,0.0,2.72943652E8
13.0,-7.0,-23.0,28.0,1025.0,13.0,3.6,0.0,2.5838967E8
5.0,-10.0,-18.0,53.0,1036.0,13.0,3.6,0.0,2.9294881E8
4.0,-9.0,-19.0,45.0,1029.0,13.0,3.6,0.0,2.64626108E8
10.0,-10.0,-22.0,38.0,1038.0,8.0,7.2,0.0,2.5541825E8
8.0,-4.0,-19.0,31.0,1032.0,13.0,3.6,0.0,2.88823754E8
7.0,-3.0,-4.0,93.0,1029.0,13.0,3.6,1.0,2.54777566E8
8.0,-6.0,-8.0,86.0,1025.0,9.0,3.6,0.0,2.58279824E8
16.0,-1.0,-4.0,80.0,1027.0,13.0,3.6,2.0,3.09122016E8
8.0,0.0,-6.0,64.0,1028.0,3.0,14.4,0.0,2.87463484E8
5.0,0.0,-14.0,35.0,1025.0,4.0,14.4,0.0,2.80592202E8
9.0,4.0,-18.0,19.0,1026.0,10.0,10.8,0.0,3.35345846E8
1.0,9.0,-17.0,15.0,1022.0,4.0,7.2,0.0,3.04417422E8
7.0,5.0,-15.0,23.0,1026.0,4.0,21.6,0.0,2.98361906E8
12.0,3.0,-6.0,52.0,1019.0,2.0,7.2,0.0,3.36612714E8
4.0,7.0,-19.0,14.0,1029.0,6.0,21.6,0.0,3.07522678E8
2.0,15.0,-9.0,19.0,1022.0,0.0,14.4,0.0,3.11694488E8
11.0,14.0,-8.0,21.0,1022.0,11.0,14.4,0.0,3.30231608E8
13.0,11.0,-13.0,18.0,1022.0,4.0,10.8,0.0,3.11094814E8
13.0,15.0,1.0,39.0,1011.0,2.0,7.2,0.0,3.08500156E8
4.0,14.0,-14.0,13.0,1017.0,4.0,25.2,0.0,3.58996258E8
8.0,8.0,6.0,87.0,1019.0,13.0,3.6,0.0,2.9640972E8
14.0,10.0,4.0,66.0,1008.0,13.0,3.6,0.0,2.78338352E8
14.0,22.0,0.0,23.0,1011.0,16.0,7.2,0.0,2.98097446E8
14.0,15.0,-2.0,31.0,1004.0,1.0,7.2,0.0,2.89337386E8
15.0,18.0,13.0,73.0,1007.0,1.0,10.8,0.0,2.82819042E8
16.0,16.0,3.0,42.0,1015.0,7.0,14.4,0.0,3.23409932E8
2.0,20.0,6.0,40.0,1010.0,0.0,18.0,0.0,2.93874448E8
16.0,23.0,10.0,44.0,1015.0,0.0,14.4,0.0,2.97661236E8
3.0,25.0,14.0,50.0,1006.0,16.0,10.8,8.0,3.29490066E8
5.0,28.0,10.0,32.0,1001.0,9.0,14.4,0.0,2.86784814E8
3.0,22.0,19.0,83.0,996.0,14.0,7.2,0.0,2.76483886E8
12.0,25.0,16.0,57.0,1006.0,7.0,10.8,0.0,3.21776484E8
12.0,22.0,17.0,73.0,1008.0,3.0,7.2,1.0,3.08628372E8
2.0,29.0,16.0,45.0,1000.0,3.0,10.8,12.0,3.10534104E8
14.0,24.0,18.0,69.0,999.0,4.0,3.6,0.0,3.62922526E8
13.0,27.0,23.0,79.0,1004.0,15.0,7.2,2.0,3.4334164E8
10.0,25.0,21.0,78.0,998.0,15.0,3.6,9.0,3.66916974E8
5.0,26.0,21.0,74.0,1008.0,3.0,10.8,0.0,3.914474E8
12.0,23.0,20.0,83.0,1007.0,7.0,25.2,13.0,3.47690264E8
6.0,24.0,21.0,83.0,1002.0,7.0,7.2,11.0,3.4607774E8
10.0,24.0,24.0,100.0,1001.0,4.0,10.8,15.0,3.71696466E8
1.0,28.0,27.0,94.0,1006.0,7.0,7.2,2.0,2.96896504E8
12.0,24.0,20.0,78.0,1007.0,1.0,14.4,0.0,2.9901002E8
3.0,25.0,23.0,89.0,1004.0,13.0,3.6,12.0,3.30377834E8
9.0,27.0,25.0,89.0,1004.0,2.0,7.2,0.0,3.0033015E8
5.0,27.0,21.0,70.0,1006.0,0.0,7.2,0.0,2.93229282E8
16.0,24.0,21.0,83.0,1009.0,1.0,18.0,0.0,3.2341867E8
14.0,21.0,20.0,94.0,1015.0,13.0,3.6,12.0,2.87051218E8
6.0,25.0,22.0,83.0,1008.0,13.0,3.6,0.0,2.95906364E8
12.0,22.0,16.0,69.0,1012.0,2.0,7.2,0.0,3.34043508E8
1.0,17.0,16.0,94.0,1016.0,13.0,3.6,2.0,2.92666602E8
15.0,20.0,18.0,88.0,1012.0,13.0,3.6,1.0,2.87460888E8
15.0,12.0,5.0,62.0,1025.0,13.0,3.6,0.0,1.9837948E7
4.0,14.0,11.0,82.0,1016.0,17.0,0.0,0.0,3.01379048E8
5.0,19.0,14.0,73.0,1016.0,2.0,7.2,2.0,3.01463604E8
16.0,15.0,-1.0,34.0,1030.0,0.0,14.4,0.0,3.06169962E8
4.0,12.0,6.0,67.0,1020.0,15.0,7.2,0.0,2.84670324E8
1.0,16.0,14.0,88.0,1021.0,13.0,3.6,0.0,3.10270074E8
2.0,15.0,0.0,36.0,1017.0,8.0,10.8,0.0,3.42602202E8
16.0,12.0,12.0,100.0,1021.0,15.0,3.6,2.0,3.29433846E8
8.0,6.0,2.0,76.0,1027.0,14.0,3.6,0.0,3.2250185E8
11.0,11.0,10.0,94.0,1023.0,7.0,7.2,0.0,3.66718126E8
6.0,12.0,9.0,82.0,1025.0,4.0,7.2,1.0,3.36342794E8
1.0,8.0,3.0,71.0,1026.0,8.0,7.2,0.0,3.2921283E8
16.0,0.0,-6.0,64.0,1026.0,15.0,3.6,0.0,3.76474284E8
12.0,7.0,7.0,100.0,1018.0,10.0,10.8,23.0,3.3510367E8
13.0,1.0,-15.0,30.0,1028.0,6.0,36.0,0.0,3.40607254E8
3.0,0.0,-2.0,87.0,1022.0,13.0,3.6,2.0,3.87797344E8
11.0,-2.0,-3.0,93.0,1027.0,1.0,7.2,2.0,3.53185652E8
16.0,-2.0,-2.0,100.0,1032.0,14.0,7.2,22.0,3.59074808E8
4.0,3.0,-10.0,38.0,1027.0,9.0,7.2,0.0,3.99835362E8
10.0,-7.0,-22.0,30.0,1039.0,10.0,36.0,0.0,3.6971512E8
16.0,-5.0,-13.0,54.0,1028.0,13.0,3.6,12.0,3.6561273E8
10.0,-6.0,-14.0,54.0,1036.0,4.0,7.2,0.0,4.28101842E8
13.0,-4.0,-10.0,64.0,1038.0,3.0,7.2,1.0,4.03874136E8
13.0,-5.0,-20.0,31.0,1035.0,10.0,43.2,0.0,3.69663804E8
16.0,-8.0,-10.0,86.0,1032.0,13.0,3.6,0.0,4.22246096E8
8.0,-5.0,-14.0,50.0,1027.0,4.0,7.2,9.0,3.6526949E8
8.0,-3.0,-4.0,93.0,1025.0,13.0,3.6,0.0,3.49794196E8
10.0,-4.0,-16.0,40.0,1034.0,0.0,10.8,0.0,3.50707306E8
1.0,-11.0,-24.0,34.0,1032.0,4.0,7.2,0.0,3.30682334E8
12.0,-6.0,-24.0,24.0,1030.0,10.0,25.2,0.0,3.32394836E8
8.0,-5.0,-10.0,68.0,1025.0,13.0,3.6,12.0,3.91806944E8
15.0,-5.0,-20.0,31.0,1030.0,4.0,18.0,0.0,3.61743346E8
11.0,-2.0,-6.0,74.0,1018.0,2.0,10.8,12.0,3.6332415E8
4.0,0.0,-17.0,27.0,1028.0,2.0,10.8,0.0,3.97040802E8
13.0,2.0,1.0,93.0,1025.0,1.0,7.2,3.0,3.64173592E8
16.0,5.0,-14.0,24.0,1019.0,12.0,7.2,0.0,3.64748574E8
11.0,2.0,-21.0,17.0,1030.0,11.0,14.4,0.0,4.08320996E8
8.0,6.0,-1.0,61.0,1019.0,7.0,7.2,9.0,3.60021696E8
4.0,6.0,0.0,66.0,1023.0,0.0,14.4,9.0,3.64723646E8
16.0,7.0,-5.0,43.0,1021.0,7.0,3.6,0.0,3.9967136E8
9.0,14.0,-13.0,14.0,1018.0,4.0,32.4,0.0,3.60667728E8
16.0,16.0,-17.0,9.0,1011.0,6.0,18.0,0.0,3.23004056E8
10.0,17.0,-9.0,16.0,1013.0,0.0,10.8,0.0,3.91299304E8
16.0,20.0,-3.0,21.0,1007.0,12.0,10.8,0.0,3.53943408E8
3.0,21.0,10.0,49.0,1006.0,1.0,18.0,12.0,3.56462184E8
6.0,18.0,14.0,77.0,1003.0,7.0,10.8,0.0,3.91900112E8
10.0,15.0,8.0,63.0,997.0,7.0,7.2,12.0,3.52087342E8
11.0,19.0,9.0,52.0,1011.0,2.0,7.2,12.0,3.19513602E8
4.0,22.0,4.0,31.0,1005.0,3.0,18.0,0.0,3.83696656E8
14.0,24.0,14.0,53.0,1011.0,15.0,7.2,9.0,3.56190234E8
10.0,22.0,1.0,25.0,1003.0,16.0,28.8,0.0,3.63402618E8
4.0,18.0,15.0,83.0,1015.0,13.0,3.6,0.0,4.16752864E8
1.0,18.0,5.0,42.0,1010.0,13.0,3.6,0.0,3.94479944E8
7.0,18.0,11.0,64.0,1014.0,8.0,14.4,0.0,4.22402826E8
11.0,18.0,17.0,94.0,1006.0,13.0,3.6,2.0,4.4456389E8
12.0,26.0,11.0,39.0,1000.0,9.0,18.0,0.0,3.89067662E8
10.0,23.0,9.0,41.0,999.0,9.0,14.4,0.0,3.79754544E8
11.0,27.0,14.0,45.0,1001.0,13.0,3.6,0.0,4.03726842E8
6.0,23.0,18.0,73.0,1005.0,1.0,25.2,15.0,3.49310588E8
8.0,24.0,21.0,83.0,1012.0,3.0,10.8,0.0,3.54427342E8
15.0,29.0,24.0,74.0,998.0,8.0,10.8,9.0,3.79484266E8
12.0,24.0,22.0,89.0,1004.0,0.0,10.8,15.0,3.39534852E8
3.0,23.0,22.0,94.0,996.0,10.0,18.0,0.0,3.33462942E8
6.0,28.0,17.0,51.0,1006.0,0.0,10.8,0.0,3.76633434E8
14.0,27.0,24.0,84.0,1004.0,2.0,3.6,2.0,3.40543862E8
8.0,27.0,23.0,79.0,1009.0,3.0,7.2,0.0,3.29772984E8
15.0,27.0,25.0,89.0,1001.0,13.0,3.6,0.0,3.63501734E8
11.0,24.0,23.0,94.0,1009.0,3.0,7.2,0.0,3.2935436E8
3.0,28.0,25.0,84.0,1006.0,13.0,3.6,12.0,3.23643554E8
15.0,24.0,20.0,78.0,1008.0,1.0,18.0,0.0,3.60208214E8
7.0,25.0,19.0,69.0,1010.0,2.0,10.8,0.0,3.24279054E8
9.0,19.0,15.0,78.0,1014.0,13.0,3.6,0.0,3.28680072E8
10.0,25.0,20.0,74.0,1010.0,3.0,10.8,2.0,3.6522147E8
15.0,26.0,24.0,89.0,1009.0,7.0,3.6,2.0,3.30626818E8
3.0,16.0,12.0,77.0,1016.0,15.0,7.2,0.0,3.26123048E8
16.0,23.0,18.0,73.0,1015.0,1.0,7.2,12.0,3.68837242E8
13.0,19.0,10.0,56.0,1015.0,6.0,10.8,0.0,3.29301702E8
9.0,23.0,7.0,36.0,1008.0,12.0,10.8,0.0,3.27652012E8
6.0,20.0,15.0,73.0,1016.0,17.0,0.0,0.0,3.65453898E8
15.0,16.0,3.0,42.0,1017.0,10.0,18.0,0.0,3.2363862E8
3.0,17.0,14.0,82.0,1012.0,14.0,3.6,2.0,2.7097469E8
11.0,15.0,13.0,88.0,1021.0,13.0,3.6,2.0,3.52094796E8
16.0,11.0,7.0,76.0,1013.0,13.0,3.6,2.0,3.11866338E8
11.0,7.0,-5.0,43.0,1024.0,4.0,18.0,0.0,3.2500407E8
11.0,10.0,8.0,87.0,1018.0,4.0,7.2,0.0,3.69201172E8
7.0,13.0,10.0,82.0,1019.0,15.0,7.2,2.0,3.367985E8
5.0,9.0,-10.0,25.0,1021.0,10.0,21.6,0.0,3.226438E8
3.0,4.0,-1.0,70.0,1017.0,5.0,32.4,0.0,3.55629806E8
10.0,2.0,1.0,93.0,1022.0,13.0,3.6,0.0,3.32827106E8
15.0,2.0,-20.0,18.0,1021.0,10.0,43.2,0.0,3.31006688E8
11.0,5.0,-10.0,33.0,1022.0,10.0,21.6,0.0,3.70704246E8
14.0,2.0,-20.0,18.0,1032.0,10.0,28.8,0.0,3.22213636E8
15.0,7.0,-23.0,10.0,1012.0,5.0,46.8,0.0,3.28890054E8
6.0,-4.0,-6.0,86.0,1018.0,13.0,3.6,2.0,3.55971618E8
4.0,-9.0,-15.0,62.0,1023.0,4.0,10.8,9.0,3.2612787E8
13.0,-5.0,-9.0,74.0,1032.0,2.0,7.2,6.0,3.203134E8
7.0,-2.0,-3.0,93.0,1029.0,10.0,7.2,1.0,3.73006912E8
7.0,-4.0,-4.0,100.0,1029.0,13.0,3.6,4.0,3.25835512E8
7.0,-12.0,-20.0,52.0,1039.0,13.0,3.6,12.0,3.27454924E8
4.0,-11.0,-17.0,62.0,1024.0,8.0,7.2,0.0,3.4947526E8
12.0,-12.0,-21.0,48.0,1040.0,4.0,7.2,0.0,3.03822912E8
8.0,-9.0,-23.0,32.0,1033.0,10.0,10.8,0.0,3.37097616E8
13.0,-7.0,-9.0,86.0,1024.0,17.0,0.0,2.0,3.74366198E8
15.0,-7.0,-12.0,68.0,1034.0,7.0,3.6,12.0,3.41795384E8
12.0,-5.0,-6.0,93.0,1025.0,1.0,10.8,4.0,3.4770923E8
2.0,-3.0,-5.0,86.0,1025.0,13.0,3.6,2.0,3.89114476E8
8.0,0.0,-1.0,93.0,1022.0,10.0,10.8,1.0,3.4818731E8
5.0,-8.0,-8.0,100.0,1024.0,15.0,3.6,12.0,3.27207104E8
5.0,1.0,-18.0,23.0,1026.0,8.0,14.4,0.0,3.64752666E8
1.0,-5.0,-7.0,86.0,1027.0,9.0,7.2,2.0,3.37611102E8
7.0,1.0,-3.0,75.0,1019.0,1.0,7.2,2.0,3.4910414E8
9.0,3.0,-10.0,38.0,1019.0,13.0,3.6,0.0,3.97860528E8
11.0,6.0,-1.0,61.0,1003.0,4.0,7.2,9.0,3.57237076E8
13.0,6.0,2.0,76.0,1021.0,12.0,7.2,2.0,3.63477764E8
6.0,7.0,3.0,76.0,1002.0,13.0,3.6,2.0,4.05193314E8
3.0,4.0,-1.0,70.0,1010.0,4.0,14.4,9.0,3.6561636E8
9.0,8.0,1.0,62.0,1010.0,2.0,10.8,12.0,3.39315898E8
13.0,6.0,3.0,81.0,1015.0,10.0,10.8,2.0,3.93497514E8
11.0,6.0,5.0,93.0,1016.0,4.0,14.4,3.0,3.28400842E8
10.0,7.0,-13.0,23.0,1023.0,10.0,21.6,0.0,3.52650578E8
3.0,12.0,-3.0,35.0,1006.0,2.0,10.8,0.0,3.9676359E8
6.0,11.0,-16.0,14.0,1024.0,13.0,3.6,0.0,3.55471956E8
6.0,9.0,7.0,87.0,1013.0,13.0,3.6,2.0,3.52094234E8
4.0,16.0,-5.0,23.0,1012.0,8.0,7.2,0.0,3.79712106E8
3.0,17.0,4.0,42.0,1012.0,7.0,14.4,0.0,3.31969178E8
13.0,22.0,11.0,50.0,1014.0,3.0,10.8,9.0,3.20719928E8
14.0,20.0,-2.0,23.0,1002.0,2.0,10.8,0.0,3.67209526E8
16.0,20.0,11.0,56.0,1015.0,2.0,10.8,0.0,3.30573576E8
5.0,23.0,9.0,41.0,1005.0,7.0,10.8,0.0,3.38075776E8
15.0,17.0,16.0,94.0,1011.0,7.0,14.4,3.0,3.68726696E8
2.0,28.0,7.0,26.0,1003.0,12.0,28.8,0.0,3.13979568E8
12.0,20.0,17.0,83.0,1013.0,4.0,7.2,15.0,3.28102052E8
7.0,18.0,16.0,88.0,1013.0,13.0,3.6,3.0,3.68087166E8
6.0,25.0,13.0,47.0,1008.0,1.0,14.4,0.0,3.29872238E8
6.0,27.0,17.0,54.0,1000.0,15.0,7.2,0.0,2.96577242E8
9.0,27.0,17.0,54.0,1003.0,0.0,14.4,0.0,3.5139258E8
3.0,28.0,21.0,66.0,999.0,7.0,7.2,9.0,3.20654782E8
3.0,31.0,18.0,46.0,995.0,0.0,21.6,0.0,3.2668912E8
15.0,29.0,25.0,79.0,999.0,2.0,7.2,2.0,3.55637236E8
16.0,25.0,19.0,69.0,1006.0,0.0,10.8,0.0,3.27918824E8
6.0,25.0,17.0,61.0,1004.0,13.0,3.6,0.0,3.26611872E8
3.0,24.0,20.0,78.0,1005.0,7.0,3.6,0.0,3.73588034E8
11.0,28.0,18.0,54.0,1003.0,15.0,7.2,0.0,3.26453274E8
14.0,28.0,23.0,74.0,998.0,3.0,7.2,12.0,3.32225112E8
8.0,21.0,19.0,88.0,1000.0,2.0,10.8,8.0,3.72773264E8
6.0,28.0,19.0,58.0,1000.0,15.0,7.2,0.0,3.11052518E8
7.0,28.0,24.0,79.0,1005.0,7.0,10.8,10.0,3.20217972E8
15.0,27.0,17.0,54.0,1009.0,13.0,3.6,0.0,3.64530978E8
14.0,24.0,20.0,78.0,1009.0,8.0,7.2,2.0,3.339793E8
11.0,24.0,19.0,73.0,1005.0,7.0,14.4,13.0,3.2485052E8
3.0,23.0,15.0,61.0,1015.0,0.0,14.4,8.0,3.7411368E8
11.0,18.0,14.0,77.0,1016.0,15.0,7.2,13.0,3.39771188E8
6.0,18.0,12.0,68.0,1013.0,13.0,3.6,0.0,3.4471581E8
5.0,20.0,11.0,56.0,1013.0,2.0,7.2,0.0,3.84725718E8
13.0,20.0,18.0,88.0,1013.0,13.0,3.6,2.0,3.41867256E8
7.0,11.0,5.0,67.0,1021.0,4.0,7.2,0.0,3.44881702E8
7.0,18.0,14.0,77.0,1020.0,13.0,3.6,1.0,3.98506774E8
7.0,15.0,10.0,72.0,1017.0,13.0,3.6,0.0,3.126337E8
16.0,14.0,9.0,72.0,1015.0,3.0,7.2,0.0,3.43511272E8
11.0,14.0,10.0,77.0,1019.0,2.0,3.6,12.0,4.04684072E8
11.0,8.0,4.0,76.0,1026.0,14.0,3.6,9.0,3.4554408E8
7.0,8.0,5.0,81.0,1021.0,4.0,7.2,2.0,3.47249642E8
16.0,7.0,4.0,81.0,1018.0,17.0,0.0,2.0,4.08866622E8
8.0,5.0,2.0,81.0,1028.0,14.0,3.6,2.0,3.81844688E8
8.0,5.0,1.0,76.0,1019.0,13.0,3.6,2.0,3.85080972E8
12.0,3.0,-16.0,24.0,1028.0,4.0,10.8,0.0,4.20848208E8
10.0,10.0,-10.0,24.0,1019.0,12.0,7.2,0.0,3.72289714E8
6.0,-1.0,-10.0,51.0,1023.0,4.0,7.2,0.0,3.69164734E8
3.0,7.0,-14.0,21.0,1014.0,6.0,39.6,0.0,4.02650432E8
10.0,6.0,-18.0,16.0,1024.0,5.0,21.6,0.0,3.5955648E8
14.0,10.0,-11.0,22.0,1021.0,11.0,10.8,12.0,3.56100256E8
2.0,3.0,-16.0,24.0,1024.0,10.0,32.4,0.0,4.06764784E8
1.0,-6.0,-24.0,24.0,1025.0,1.0,10.8,0.0,4.04451866E8
1.0,-4.0,-21.0,26.0,1037.0,9.0,18.0,0.0,3.5433312E8
10.0,-6.0,-12.0,63.0,1031.0,17.0,0.0,9.0,4.09001896E8
5.0,-1.0,-23.0,18.0,1034.0,10.0,25.2,0.0,3.53968798E8
5.0,6.0,-21.0,13.0,1014.0,16.0,18.0,0.0,3.82836786E8
4.0,-1.0,-9.0,55.0,1027.0,2.0,10.8,12.0,4.08021124E8
15.0,-6.0,-24.0,24.0,1031.0,13.0,3.6,0.0,3.731558E8
14.0,-5.0,-14.0,50.0,1034.0,13.0,3.6,12.0,3.69941458E8
12.0,2.0,-22.0,16.0,1026.0,5.0,32.4,0.0,3.92135484E8
11.0,-4.0,-11.0,59.0,1015.0,4.0,3.6,9.0,3.59922428E8
8.0,-2.0,-8.0,64.0,1024.0,3.0,14.4,0.0,3.64615256E8
15.0,-7.0,-13.0,63.0,1028.0,14.0,3.6,9.0,3.40281006E8
8.0,1.0,-7.0,56.0,1033.0,2.0,7.2,9.0,3.94728698E8
15.0,-3.0,-6.0,80.0,1030.0,17.0,0.0,2.0,3.66787508E8
15.0,1.0,-4.0,70.0,1026.0,13.0,3.6,9.0,3.69800298E8
16.0,4.0,-5.0,52.0,1023.0,7.0,7.2,9.0,4.2247705E8
9.0,2.0,-25.0,12.0,1029.0,1.0,10.8,0.0,3.80942014E8
14.0,9.0,-9.0,27.0,1023.0,8.0,28.8,0.0,3.76888174E8
5.0,10.0,-5.0,35.0,1013.0,7.0,10.8,12.0,4.35709368E8
10.0,7.0,-11.0,27.0,1024.0,8.0,7.2,0.0,3.96594924E8
7.0,14.0,4.0,51.0,1009.0,13.0,3.6,12.0,3.97424848E8
6.0,19.0,-8.0,15.0,1016.0,2.0,7.2,0.0,4.32189956E8
3.0,11.0,-20.0,10.0,1022.0,13.0,3.6,0.0,3.78585748E8
16.0,19.0,3.0,35.0,1011.0,2.0,10.8,9.0,3.56364376E8
8.0,16.0,7.0,55.0,1017.0,7.0,7.2,9.0,4.06009192E8
14.0,15.0,10.0,72.0,1016.0,1.0,10.8,9.0,3.73018334E8
12.0,21.0,5.0,35.0,1011.0,12.0,10.8,0.0,3.73074342E8
10.0,17.0,9.0,59.0,1021.0,7.0,10.8,0.0,4.07325576E8
16.0,15.0,4.0,48.0,1012.0,6.0,50.4,14.0,3.28158768E8
13.0,17.0,7.0,52.0,1004.0,13.0,3.6,12.0,3.5697497E8
8.0,13.0,10.0,82.0,1002.0,0.0,10.8,0.0,3.88520458E8
14.0,22.0,7.0,38.0,1000.0,15.0,10.8,0.0,3.62404232E8
1.0,22.0,12.0,53.0,1006.0,7.0,18.0,0.0,3.55820816E8
11.0,17.0,7.0,52.0,1006.0,13.0,3.6,0.0,3.95239936E8
6.0,29.0,10.0,30.0,1001.0,15.0,7.2,0.0,3.3253743E8
9.0,26.0,14.0,47.0,1008.0,3.0,18.0,0.0,3.245559E8
14.0,18.0,15.0,83.0,1002.0,13.0,3.6,0.0,3.62553032E8
16.0,28.0,16.0,48.0,1006.0,7.0,10.8,0.0,3.26106482E8
16.0,19.0,18.0,94.0,1003.0,17.0,0.0,0.0,3.33498724E8
7.0,20.0,17.0,83.0,1010.0,13.0,3.6,0.0,3.81932126E8
16.0,26.0,21.0,74.0,1005.0,14.0,7.2,12.0,3.24184472E8
12.0,21.0,20.0,94.0,1005.0,4.0,21.6,7.0,3.33005878E8
11.0,27.0,23.0,79.0,1005.0,3.0,10.8,2.0,3.75634222E8
7.0,30.0,15.0,40.0,998.0,12.0,21.6,0.0,3.40877252E8
7.0,26.0,21.0,74.0,1003.0,2.0,7.2,14.0,3.39602048E8
11.0,33.0,23.0,55.0,1002.0,1.0,14.4,0.0,3.7607287E8
8.0,24.0,20.0,78.0,1008.0,13.0,3.6,0.0,3.48439746E8
8.0,28.0,22.0,70.0,1003.0,0.0,32.4,15.0,3.4288552E8
15.0,27.0,23.0,79.0,1002.0,3.0,3.6,0.0,3.78895304E8
13.0,26.0,17.0,57.0,1009.0,2.0,7.2,0.0,3.6100781E8
7.0,28.0,16.0,48.0,1006.0,10.0,10.8,0.0,3.55694942E8
1.0,24.0,19.0,73.0,1011.0,14.0,3.6,0.0,3.94513356E8
8.0,25.0,16.0,57.0,1009.0,7.0,18.0,0.0,3.57432576E8
7.0,28.0,9.0,30.0,1012.0,0.0,10.8,0.0,3.531518E8
11.0,21.0,20.0,94.0,1014.0,4.0,3.6,2.0,4.01949134E8
13.0,24.0,17.0,65.0,1006.0,1.0,7.2,0.0,3.6874975E8
13.0,22.0,15.0,64.0,1011.0,1.0,10.8,0.0,3.5817051E8
15.0,17.0,13.0,77.0,1019.0,17.0,0.0,0.0,4.2205294E8
2.0,21.0,9.0,46.0,1017.0,1.0,10.8,0.0,3.93047674E8
6.0,17.0,16.0,94.0,1016.0,15.0,7.2,1.0,3.84948858E8
3.0,17.0,16.0,94.0,1014.0,13.0,3.6,12.0,4.3877434E8
10.0,15.0,12.0,82.0,1016.0,15.0,7.2,12.0,3.36622164E8
16.0,12.0,11.0,94.0,1020.0,13.0,3.6,2.0,3.55472106E8
3.0,10.0,0.0,50.0,1031.0,4.0,14.4,0.0,4.12610364E8
4.0,9.0,3.0,66.0,1018.0,13.0,3.6,0.0,3.80941988E8
11.0,8.0,2.0,66.0,1025.0,15.0,7.2,0.0,3.72450634E8
4.0,9.0,-12.0,22.0,1030.0,8.0,10.8,0.0,4.14603564E8
1.0,12.0,8.0,77.0,1023.0,13.0,3.6,2.0,3.7463514E8
14.0,5.0,2.0,81.0,1016.0,13.0,3.6,12.0,3.58520804E8
10.0,3.0,-1.0,75.0,1024.0,17.0,0.0,12.0,4.02591108E8
8.0,7.0,-11.0,27.0,1023.0,12.0,10.8,0.0,3.72487192E8
2.0,2.0,-5.0,60.0,1028.0,13.0,3.6,9.0,3.74813426E8
10.0,0.0,-1.0,93.0,1027.0,14.0,7.2,2.0,4.19949224E8
13.0,6.0,-11.0,29.0,1024.0,13.0,3.6,0.0,3.79450576E8
6.0,-7.0,-15.0,54.0,1025.0,9.0,3.6,12.0,3.6992804E8
13.0,0.0,-17.0,27.0,1031.0,10.0,18.0,0.0,4.19262206E8
14.0,0.0,-21.0,20.0,1030.0,5.0,25.2,0.0,3.79438954E8
1.0,-3.0,-20.0,26.0,1031.0,6.0,10.8,0.0,3.83982986E8
13.0,-1.0,-16.0,32.0,1023.0,1.0,7.2,0.0,4.25097618E8
9.0,-3.0,-12.0,51.0,1033.0,15.0,3.6,0.0,3.93965122E8
12.0,2.0,-21.0,17.0,1025.0,5.0,36.0,0.0,4.03970126E8
5.0,1.0,-9.0,48.0,1017.0,13.0,3.6,9.0,4.45131362E8
10.0,-5.0,-12.0,59.0,1028.0,4.0,7.2,12.0,3.91871604E8
13.0,-4.0,-6.0,86.0,1032.0,13.0,3.6,2.0,3.81704996E8
3.0,1.0,-16.0,28.0,1023.0,10.0,28.8,0.0,4.41162104E8
9.0,-3.0,-9.0,64.0,1021.0,15.0,3.6,9.0,4.08876968E8
6.0,-7.0,-18.0,42.0,1036.0,4.0,7.2,0.0,3.70574586E8
11.0,-4.0,-14.0,46.0,1034.0,9.0,3.6,12.0,4.13004748E8
13.0,5.0,-13.0,26.0,1028.0,11.0,14.4,0.0,3.70190678E8
9.0,0.0,-14.0,35.0,1015.0,13.0,3.6,12.0,3.56589678E8
4.0,3.0,-8.0,45.0,1020.0,2.0,7.2,9.0,4.04738304E8
10.0,1.0,-18.0,23.0,1030.0,8.0,10.8,0.0,4.28626486E8
10.0,0.0,-27.0,12.0,1028.0,6.0,21.6,0.0,2.97320432E8
13.0,5.0,-21.0,14.0,1029.0,10.0,28.8,0.0,3.46132854E8
14.0,7.0,-10.0,29.0,1018.0,3.0,14.4,0.0,3.18360502E8
7.0,9.0,-6.0,34.0,1021.0,1.0,18.0,0.0,3.1385377E8
16.0,7.0,-8.0,34.0,1029.0,1.0,10.8,0.0,3.56881788E8
13.0,16.0,0.0,34.0,1026.0,0.0,18.0,0.0,3.19035578E8
3.0,9.0,5.0,76.0,1022.0,13.0,3.6,0.0,3.14978372E8
14.0,8.0,-10.0,27.0,1026.0,4.0,28.8,0.0,3.30881502E8
16.0,13.0,6.0,63.0,1019.0,2.0,10.8,9.0,3.2038512E8
8.0,16.0,4.0,45.0,1003.0,13.0,3.6,0.0,3.28582874E8
2.0,13.0,7.0,67.0,1016.0,2.0,10.8,0.0,3.61973072E8
1.0,16.0,-8.0,19.0,1021.0,13.0,3.6,0.0,3.24849386E8
10.0,20.0,13.0,64.0,1013.0,2.0,10.8,0.0,3.14318648E8
4.0,15.0,-6.0,23.0,1017.0,4.0,10.8,0.0,3.30490908E8
12.0,19.0,-2.0,24.0,1012.0,8.0,18.0,0.0,3.1285553E8
7.0,17.0,10.0,63.0,993.0,15.0,7.2,0.0,3.05342532E8
14.0,22.0,19.0,83.0,998.0,13.0,3.6,2.0,3.33455694E8
15.0,22.0,7.0,38.0,1010.0,0.0,14.4,0.0,3.02422308E8
13.0,28.0,14.0,42.0,1005.0,1.0,18.0,0.0,2.94398362E8
16.0,31.0,15.0,38.0,998.0,1.0,18.0,0.0,3.23470788E8
1.0,18.0,17.0,94.0,1001.0,7.0,3.6,12.0,2.98850352E8
16.0,22.0,16.0,69.0,1004.0,4.0,10.8,14.0,2.950731E8
10.0,26.0,16.0,54.0,1008.0,2.0,7.2,0.0,3.26767662E8
15.0,29.0,5.0,22.0,1005.0,6.0,10.8,0.0,2.94607168E8
5.0,28.0,17.0,51.0,1006.0,3.0,7.2,0.0,2.93363242E8
8.0,27.0,21.0,70.0,1004.0,3.0,10.8,9.0,3.20107256E8
9.0,23.0,11.0,47.0,1004.0,8.0,10.8,0.0,2.94088268E8
2.0,27.0,17.0,54.0,1009.0,3.0,10.8,0.0,2.91936416E8
2.0,27.0,21.0,70.0,997.0,13.0,3.6,0.0,3.14150596E8
7.0,24.0,20.0,78.0,1008.0,9.0,7.2,0.0,2.88017344E8
15.0,23.0,22.0,94.0,1005.0,4.0,7.2,0.0,2.81884996E8
12.0,28.0,23.0,74.0,1004.0,13.0,3.6,0.0,3.08129834E8
9.0,23.0,21.0,88.0,1007.0,4.0,7.2,0.0,2.8766761E8
15.0,28.0,21.0,66.0,1003.0,0.0,10.8,0.0,2.82983042E8
1.0,26.0,23.0,83.0,1010.0,1.0,7.2,0.0,3.18089362E8
10.0,29.0,21.0,62.0,1002.0,1.0,18.0,0.0,2.9571376E8
7.0,24.0,18.0,69.0,1011.0,3.0,14.4,0.0,2.94260644E8
1.0,20.0,18.0,88.0,1011.0,13.0,3.6,0.0,3.29104206E8
8.0,22.0,20.0,88.0,1009.0,14.0,3.6,0.0,3.02573068E8
6.0,21.0,19.0,88.0,1013.0,4.0,7.2,0.0,3.00065068E8
1.0,24.0,15.0,57.0,1013.0,0.0,7.2,0.0,3.32604432E8
13.0,14.0,13.0,94.0,1020.0,4.0,10.8,3.0,3.05793682E8
15.0,17.0,16.0,94.0,1018.0,2.0,3.6,12.0,3.09769258E8
4.0,19.0,16.0,83.0,1012.0,13.0,3.6,0.0,3.4068902E8
11.0,17.0,16.0,94.0,1009.0,13.0,3.6,15.0,3.06859802E8
1.0,14.0,13.0,94.0,1028.0,13.0,3.6,0.0,2.97013542E8
11.0,14.0,14.0,100.0,1021.0,13.0,3.6,2.0,2.9834567E8
12.0,15.0,-3.0,29.0,1016.0,12.0,14.4,0.0,3.0209478E8
16.0,13.0,9.0,77.0,1019.0,15.0,3.6,0.0,3.06978816E8
7.0,14.0,5.0,55.0,1024.0,1.0,18.0,0.0,3.40964698E8
1.0,9.0,8.0,93.0,1022.0,13.0,3.6,0.0,3.14656346E8
12.0,7.0,0.0,61.0,1019.0,13.0,3.6,0.0,3.21292184E8
6.0,6.0,2.0,76.0,1021.0,13.0,3.6,0.0,3.53929358E8
10.0,4.0,0.0,75.0,1033.0,8.0,14.4,1.0,6.5E7
1.0,6.0,5.0,93.0,1030.0,3.0,7.2,3.0,9.5E7
4.0,9.0,4.0,71.0,1024.0,1.0,7.2,3.0,1.6E8
1.0,1.0,1.0,100.0,1028.0,3.0,10.8,3.0,3.32169672E8
11.0,-7.0,-8.0,93.0,1035.0,4.0,7.2,4.0,3.17036346E8
12.0,-4.0,-5.0,93.0,1027.0,4.0,14.4,12.0,3.63959858E8
11.0,-1.0,-13.0,40.0,1028.0,6.0,28.8,0.0,3.2695602E8
16.0,1.0,0.0,93.0,1029.0,14.0,7.2,2.0,3.30530758E8
15.0,1.0,-3.0,75.0,1026.0,17.0,0.0,9.0,3.68273034E8
7.0,-3.0,-10.0,59.0,1031.0,13.0,3.6,0.0,3.30278892E8
13.0,-3.0,-3.0,100.0,1027.0,7.0,7.2,22.0,3.33813118E8
12.0,-9.0,-12.0,79.0,1038.0,17.0,0.0,0.0,3.9232224E8
7.0,-6.0,-10.0,74.0,1030.0,8.0,3.6,12.0,3.64605498E8
16.0,-8.0,-15.0,58.0,1030.0,4.0,7.2,0.0,3.43096096E8
12.0,-3.0,-19.0,29.0,1035.0,8.0,14.4,0.0,3.76467244E8
12.0,0.0,-16.0,30.0,1019.0,12.0,7.2,0.0,3.5751961E8
2.0,-11.0,-18.0,57.0,1034.0,15.0,3.6,0.0,3.55411856E8
6.0,-5.0,-21.0,28.0,1036.0,10.0,21.6,0.0,3.5908873E8
15.0,-5.0,-14.0,50.0,1033.0,15.0,7.2,0.0,3.36562836E8
7.0,-5.0,-18.0,36.0,1029.0,4.0,7.2,0.0,3.21027466E8
16.0,-4.0,-18.0,34.0,1032.0,5.0,28.8,0.0,3.16931514E8
4.0,3.0,-12.0,33.0,1024.0,4.0,14.4,0.0,3.16712952E8
10.0,-4.0,-19.0,31.0,1039.0,13.0,3.6,0.0,3.17041006E8
7.0,-2.0,-19.0,27.0,1036.0,10.0,18.0,0.0,3.70206784E8
13.0,4.0,1.0,81.0,1015.0,13.0,3.6,2.0,3.4480814E8
1.0,-1.0,-17.0,29.0,1032.0,4.0,18.0,0.0,3.29158276E8
1.0,9.0,-15.0,17.0,1024.0,0.0,14.4,0.0,3.70238316E8
12.0,8.0,3.0,71.0,1010.0,7.0,3.6,9.0,3.51985986E8
15.0,10.0,0.0,50.0,1026.0,3.0,10.8,12.0,3.393423E8
15.0,16.0,-11.0,15.0,1015.0,1.0,10.8,0.0,3.80415644E8
3.0,20.0,7.0,43.0,1003.0,1.0,21.6,12.0,3.48368584E8
3.0,13.0,-4.0,31.0,1014.0,7.0,10.8,0.0,3.2508179E8
3.0,10.0,-4.0,37.0,1023.0,2.0,21.6,0.0,3.65246422E8
9.0,13.0,-1.0,38.0,1017.0,2.0,14.4,0.0,3.34864386E8
1.0,13.0,4.0,54.0,1016.0,3.0,7.2,0.0,3.35979238E8
14.0,20.0,13.0,64.0,1008.0,2.0,7.2,12.0,3.6445949E8
4.0,16.0,3.0,42.0,1013.0,15.0,7.2,0.0,3.29538828E8
2.0,22.0,-7.0,14.0,1003.0,5.0,14.4,0.0,3.0888914E8
16.0,20.0,9.0,49.0,1011.0,1.0,18.0,0.0,3.53216208E8
4.0,12.0,4.0,58.0,1018.0,13.0,3.6,0.0,3.24349586E8
14.0,24.0,11.0,44.0,1010.0,1.0,14.4,0.0,3.26490562E8
11.0,25.0,8.0,34.0,1014.0,1.0,7.2,0.0,3.57296334E8
8.0,24.0,5.0,29.0,1010.0,1.0,14.4,0.0,3.20540202E8
9.0,22.0,9.0,43.0,1012.0,2.0,10.8,0.0,3.05198008E8
3.0,23.0,13.0,53.0,1010.0,3.0,10.8,0.0,3.32534594E8
5.0,21.0,19.0,88.0,1006.0,4.0,18.0,15.0,2.75334312E8
1.0,19.0,14.0,73.0,1003.0,4.0,10.8,13.0,2.95768168E8
1.0,29.0,18.0,51.0,1003.0,2.0,3.6,0.0,3.26894102E8
2.0,21.0,18.0,83.0,1004.0,2.0,10.8,15.0,2.90670126E8
12.0,21.0,20.0,94.0,1006.0,7.0,7.2,1.0,2.97584738E8
1.0,27.0,20.0,65.0,1007.0,3.0,7.2,12.0,3.31977974E8
2.0,28.0,18.0,54.0,1010.0,3.0,10.8,0.0,2.96681554E8
14.0,24.0,21.0,83.0,1002.0,4.0,7.2,0.0,2.88372472E8
9.0,26.0,20.0,69.0,1008.0,2.0,7.2,12.0,3.2365837E8
5.0,24.0,24.0,100.0,1001.0,13.0,3.6,11.0,2.88778286E8
5.0,28.0,24.0,79.0,1003.0,1.0,7.2,0.0,2.8678885E8
15.0,26.0,24.0,89.0,1009.0,8.0,3.6,12.0,3.20354148E8
7.0,29.0,24.0,74.0,1010.0,2.0,10.8,12.0,2.94008068E8
6.0,28.0,24.0,79.0,1007.0,1.0,21.6,12.0,2.99992386E8
10.0,27.0,24.0,84.0,1007.0,13.0,3.6,0.0,3.24311584E8
16.0,23.0,23.0,100.0,1002.0,4.0,10.8,3.0,2.96887214E8
6.0,26.0,22.0,78.0,1005.0,9.0,3.6,0.0,2.96350008E8
4.0,27.0,10.0,34.0,1010.0,0.0,10.8,0.0,3.35027586E8
13.0,20.0,14.0,68.0,999.0,1.0,3.6,0.0,3.04528374E8
4.0,26.0,19.0,65.0,1007.0,1.0,14.4,0.0,3.04391928E8
4.0,19.0,17.0,88.0,1016.0,8.0,7.2,0.0,3.29967722E8
16.0,23.0,21.0,88.0,1013.0,2.0,7.2,2.0,2.78530656E8
8.0,16.0,13.0,82.0,1019.0,3.0,3.6,0.0,3.0666404E8
12.0,22.0,18.0,78.0,1015.0,3.0,10.8,12.0,3.39124224E8
9.0,14.0,10.0,77.0,1017.0,15.0,7.2,12.0,3.00350554E8
13.0,15.0,14.0,94.0,1016.0,4.0,10.8,0.0,2.68669114E8
14.0,7.0,6.0,93.0,1021.0,3.0,3.6,0.0,3.38792784E8
9.0,14.0,13.0,94.0,1019.0,14.0,3.6,2.0,3.09329228E8
8.0,16.0,14.0,88.0,1018.0,2.0,3.6,2.0,3.05059324E8
10.0,9.0,7.0,87.0,1021.0,13.0,3.6,0.0,3.70331346E8
10.0,8.0,7.0,93.0,1027.0,10.0,10.8,0.0,3.47402822E8
13.0,-2.0,-3.0,93.0,1031.0,13.0,3.6,0.0,3.46505806E8
1.0,7.0,-4.0,46.0,1026.0,3.0,7.2,0.0,3.89013348E8
7.0,3.0,-1.0,75.0,1014.0,13.0,3.6,0.0,3.49399364E8
13.0,4.0,0.0,75.0,1023.0,15.0,7.2,12.0,3.56409344E8
3.0,1.0,0.0,93.0,1026.0,8.0,21.6,3.0,9.89371808E8
7.0,-3.0,-8.0,69.0,1027.0,15.0,7.2,9.0,3.50229764E8
10.0,3.0,-2.0,70.0,1031.0,7.0,3.6,13.0,3.60447386E8
12.0,-1.0,-3.0,86.0,1020.0,4.0,3.6,2.0,4.07120242E8
5.0,2.0,-14.0,30.0,1025.0,9.0,10.8,0.0,3.72346108E8
10.0,0.0,-17.0,27.0,1034.0,8.0,18.0,0.0,3.44859752E8
14.0,-3.0,-5.0,86.0,1025.0,17.0,0.0,2.0,3.81634232E8
5.0,-2.0,-13.0,43.0,1027.0,9.0,7.2,0.0,3.50741078E8
7.0,-2.0,-8.0,64.0,1033.0,0.0,14.4,0.0,3.38973816E8
15.0,-5.0,-6.0,93.0,1025.0,13.0,3.6,2.0,3.76155592E8
16.0,-3.0,-5.0,86.0,1030.0,17.0,0.0,2.0,3.28263696E8
5.0,-6.0,-16.0,46.0,1029.0,2.0,3.6,0.0,3.2845721E8
15.0,-4.0,-8.0,74.0,1031.0,9.0,3.6,0.0,3.58098002E8
14.0,-7.0,-24.0,25.0,1037.0,10.0,43.2,0.0,3.18286702E8
16.0,-1.0,-11.0,47.0,1036.0,2.0,7.2,0.0,3.18019266E8
6.0,3.0,-16.0,24.0,1026.0,4.0,18.0,0.0,3.77878424E8
1.0,-1.0,-18.0,27.0,1028.0,6.0,28.8,0.0,3.14977594E8
12.0,-3.0,-6.0,80.0,1029.0,4.0,7.2,2.0,3.29086094E8
8.0,3.0,-19.0,19.0,1021.0,10.0,25.2,0.0,3.62828374E8
9.0,5.0,-12.0,29.0,1026.0,11.0,7.2,0.0,3.2989652E8
14.0,7.0,-13.0,23.0,1018.0,4.0,10.8,0.0,3.37872226E8
7.0,2.0,-16.0,26.0,1024.0,8.0,7.2,0.0,3.72684176E8
5.0,5.0,-12.0,29.0,1014.0,13.0,3.6,0.0,3.4476754E8
10.0,8.0,-6.0,37.0,1026.0,7.0,14.4,0.0,3.43011048E8
3.0,12.0,3.0,54.0,1022.0,7.0,7.2,9.0,3.77406752E8
15.0,7.0,3.0,76.0,1025.0,4.0,7.2,9.0,3.46477046E8
12.0,12.0,2.0,51.0,1020.0,0.0,10.8,0.0,3.42022594E8
5.0,13.0,-1.0,38.0,1017.0,13.0,3.6,0.0,3.46434206E8
15.0,19.0,8.0,49.0,1014.0,3.0,21.6,12.0,3.3040571E8
4.0,10.0,-8.0,28.0,1017.0,13.0,3.6,0.0,3.2245052E8
8.0,17.0,9.0,59.0,1008.0,15.0,7.2,9.0,3.4887916E8
5.0,13.0,-1.0,38.0,1012.0,8.0,10.8,0.0,3.20562564E8
2.0,16.0,-6.0,22.0,1022.0,6.0,10.8,0.0,3.13845556E8
10.0,20.0,-3.0,21.0,1014.0,2.0,14.4,0.0,3.267777E8
11.0,20.0,2.0,30.0,1014.0,1.0,10.8,12.0,3.1566704E8
6.0,19.0,10.0,56.0,1009.0,7.0,14.4,0.0,3.16559816E8
5.0,20.0,5.0,37.0,1014.0,14.0,7.2,0.0,3.42200872E8
16.0,25.0,17.0,61.0,1006.0,1.0,7.2,0.0,3.14697362E8
9.0,25.0,8.0,34.0,1011.0,12.0,14.4,0.0,3.06145516E8
11.0,27.0,16.0,51.0,1009.0,15.0,7.2,0.0,3.27891234E8
4.0,24.0,2.0,24.0,1004.0,3.0,18.0,0.0,3.07572084E8
7.0,17.0,14.0,82.0,1009.0,3.0,7.2,0.0,3.20800086E8
4.0,23.0,8.0,38.0,1011.0,15.0,7.2,0.0,3.56270498E8
5.0,31.0,11.0,29.0,1005.0,0.0,10.8,0.0,3.26172358E8
3.0,28.0,17.0,51.0,1002.0,7.0,7.2,0.0,3.22489468E8
14.0,22.0,19.0,83.0,1006.0,8.0,7.2,0.0,3.4726973E8
7.0,29.0,20.0,58.0,1005.0,1.0,18.0,0.0,3.2059216E8
14.0,25.0,24.0,94.0,1007.0,13.0,3.6,12.0,3.10153396E8
8.0,30.0,26.0,79.0,997.0,7.0,10.8,2.0,3.3856877E8
5.0,32.0,27.0,75.0,999.0,2.0,7.2,8.0,3.1116934E8
12.0,28.0,25.0,84.0,1004.0,11.0,10.8,12.0,3.05712986E8
9.0,25.0,23.0,89.0,1004.0,15.0,3.6,0.0,3.40676888E8
6.0,25.0,24.0,94.0,1009.0,13.0,3.6,0.0,3.16090948E8
12.0,28.0,24.0,79.0,1006.0,2.0,7.2,10.0,3.1484205E8
3.0,31.0,18.0,46.0,1000.0,5.0,14.4,0.0,3.37138076E8
12.0,28.0,24.0,79.0,1000.0,1.0,7.2,0.0,3.08248758E8
16.0,26.0,24.0,89.0,1005.0,1.0,7.2,12.0,3.17203922E8
3.0,25.0,23.0,89.0,1006.0,3.0,3.6,2.0,3.48913966E8
4.0,19.0,17.0,88.0,1011.0,13.0,3.6,0.0,3.1056553E8
16.0,18.0,15.0,83.0,1015.0,13.0,3.6,0.0,3.13219868E8
1.0,21.0,19.0,88.0,1012.0,13.0,3.6,12.0,3.47478996E8
7.0,23.0,21.0,88.0,1006.0,13.0,3.6,2.0,3.1422362E8
6.0,21.0,18.0,83.0,1017.0,15.0,7.2,0.0,3.19335446E8
16.0,14.0,13.0,94.0,1009.0,13.0,3.6,0.0,3.49302018E8
12.0,22.0,16.0,69.0,1005.0,10.0,10.8,12.0,0.0
5.0,16.0,9.0,63.0,1017.0,9.0,10.8,0.0,3.16223542E8
1.0,20.0,3.0,33.0,1016.0,9.0,10.8,0.0,3.22048056E8
9.0,11.0,10.0,94.0,1019.0,13.0,3.6,0.0,2.77103412E8
14.0,10.0,7.0,82.0,1027.0,8.0,7.2,0.0,3.11293858E8
7.0,10.0,9.0,94.0,1030.0,4.0,3.6,2.0,3.44520506E8
10.0,11.0,10.0,94.0,1021.0,13.0,3.6,2.0,3.2746783E8
3.0,9.0,8.0,93.0,1025.0,14.0,3.6,2.0,3.24821104E8
12.0,10.0,-10.0,24.0,1032.0,5.0,10.8,0.0,3.51381232E8
2.0,9.0,-3.0,43.0,1025.0,13.0,3.6,0.0,3.34351058E8
11.0,6.0,-3.0,53.0,1024.0,4.0,10.8,0.0,3.67788616E8
11.0,1.0,-3.0,75.0,1016.0,13.0,3.6,0.0,4.00247724E8
16.0,-2.0,-7.0,69.0,1020.0,13.0,3.6,0.0,3.78825098E8
